position	numhm	numht
10000	3	1
20000	0	0
30000	0	1
40000	0	1
50000	0	4
60000	0	1
70000	1	0
80000	0	1
90000	0	2
100000	0	2
110000	1	2
120000	0	2
130000	0	1
140000	0	0
150000	0	0
160000	2	1
170000	0	3
180000	0	2
190000	0	1
200000	1	1
210000	0	0
220000	0	1
230000	0	0
240000	0	0
250000	0	0
260000	0	3
270000	2	3
280000	0	1
290000	0	2
300000	0	3
310000	0	1
320000	0	2
330000	0	0
340000	0	1
350000	0	2
360000	0	3
370000	0	1
380000	0	4
390000	0	0
400000	0	1
410000	0	0
420000	0	0
430000	0	0
440000	0	0
450000	0	2
460000	0	0
470000	0	0
480000	0	0
490000	0	0
500000	0	0
510000	0	0
520000	0	0
530000	0	0
540000	0	2
550000	1	2
560000	0	0
570000	1	5
580000	0	1
590000	0	4
600000	0	2
610000	0	3
620000	0	2
630000	0	2
640000	1	5
650000	1	4
660000	0	0
670000	0	1
680000	1	3
690000	0	0
700000	0	0
710000	1	0
720000	0	0
730000	0	1
740000	0	5
750000	0	0
760000	0	3
770000	0	0
780000	0	0
790000	0	0
800000	0	2
810000	0	0
820000	0	0
830000	0	1
840000	0	0
850000	0	1
860000	0	0
870000	2	0
880000	1	0
890000	0	0
900000	0	0
910000	0	0
920000	0	0
930000	0	1
940000	1	4
950000	0	0
960000	0	0
970000	0	0
980000	0	0
990000	0	1
1000000	0	1
1010000	0	1
1020000	1	0
1030000	0	1
1040000	0	2
1050000	0	0
1060000	0	0
1070000	0	0
1080000	0	2
1090000	1	1
1100000	0	3
1110000	0	0
1120000	0	1
1130000	0	1
1140000	0	1
1150000	1	2
1160000	0	0
1170000	0	4
1180000	0	2
1190000	0	1
1200000	0	2
1210000	0	3
1220000	0	2
1230000	0	2
1240000	0	3
1250000	0	1
1260000	0	0
1270000	0	0
1280000	0	1
1290000	0	1
1300000	0	0
1310000	1	0
1320000	0	3
1330000	0	2
1340000	0	1
1350000	1	1
1360000	1	1
1370000	0	1
1380000	0	0
1390000	0	1
1400000	0	0
1410000	0	0
1420000	0	2
1430000	0	7
1440000	0	1
1450000	0	6
1460000	0	4
1470000	1	3
1480000	0	8
1490000	0	6
1500000	0	1
1510000	0	7
1520000	2	3
1530000	0	5
1540000	0	3
1550000	0	0
1560000	0	3
1570000	1	2
1580000	0	2
1590000	0	6
1600000	0	3
1610000	0	7
1620000	0	0
1630000	0	0
1640000	0	0
1650000	0	1
1660000	0	2
1670000	0	1
1680000	1	3
1690000	0	6
1700000	0	1
1710000	0	11
1720000	0	1
1730000	0	4
1740000	0	0
1750000	0	2
1760000	0	0
1770000	0	2
1780000	0	1
1790000	0	2
1800000	0	1
1810000	0	0
1820000	0	0
1830000	0	3
1840000	0	0
1850000	0	2
1860000	0	0
1870000	0	0
1880000	0	1
1890000	1	3
1900000	0	1
1910000	0	11
1920000	0	3
1930000	0	0
1940000	0	2
1950000	0	3
1960000	0	1
1970000	0	5
1980000	0	0
1990000	0	1
2000000	0	2
2010000	3	6
2020000	0	0
2030000	0	5
2040000	0	3
2050000	2	1
2060000	0	1
2070000	0	0
2080000	0	0
2090000	1	0
2100000	0	2
2110000	0	6
2120000	0	2
2130000	1	0
2140000	1	6
2150000	0	1
2160000	0	4
2170000	1	2
2180000	0	4
2190000	1	3
2200000	0	3
2210000	0	3
2220000	0	0
2230000	1	5
2240000	0	1
2250000	0	2
2260000	0	2
2270000	0	3
2280000	1	5
2290000	0	0
2300000	1	6
2310000	0	2
2320000	0	2
2330000	1	1
2340000	0	0
2350000	0	0
2360000	0	1
2370000	0	7
2380000	1	4
2390000	0	2
2400000	0	2
2410000	0	0
2420000	0	1
2430000	0	3
2440000	0	3
2450000	1	0
2460000	0	3
2470000	0	2
2480000	0	1
2490000	0	0
2500000	2	6
2510000	0	4
2520000	0	1
2530000	2	2
2540000	0	1
2550000	1	1
2560000	1	0
2570000	0	1
2580000	3	2
2590000	1	1
2600000	0	0
2610000	0	0
2620000	0	1
2630000	1	0
2640000	0	1
2650000	0	0
2660000	1	0
2670000	0	0
2680000	0	3
2690000	0	0
2700000	0	0
2710000	2	6
2720000	0	1
2730000	0	2
2740000	0	1
2750000	1	3
2760000	1	4
2770000	0	0
2780000	1	0
2790000	0	1
2800000	0	1
2810000	0	5
2820000	0	1
2830000	0	1
2840000	0	0
2850000	0	0
2860000	0	0
2870000	0	1
2880000	0	2
2890000	1	2
2900000	0	2
2910000	1	0
2920000	0	1
2930000	0	7
2940000	0	0
2950000	0	0
2960000	1	4
2970000	0	0
2980000	1	1
2990000	0	0
3000000	0	4
3010000	0	1
3020000	0	0
3030000	0	2
3040000	2	4
3050000	0	3
3060000	0	2
3070000	0	1
3080000	0	3
3090000	0	0
3100000	0	4
3110000	0	6
3120000	0	1
3130000	0	3
3140000	1	11
3150000	1	7
3160000	0	3
3170000	2	8
3180000	1	1
3190000	0	2
3200000	4	20
3210000	1	2
3220000	1	7
3230000	1	6
3240000	0	8
3250000	1	11
3260000	0	13
3270000	0	4
3280000	0	5
3290000	1	4
3300000	1	7
3310000	3	13
3320000	0	3
3330000	0	1
3340000	0	5
3350000	0	1
3360000	1	3
3370000	0	0
3380000	0	0
3390000	0	4
3400000	1	0
3410000	0	7
3420000	0	0
3430000	0	0
3440000	0	0
3450000	0	0
3460000	0	2
3470000	0	5
3480000	0	4
3490000	0	2
3500000	1	0
3510000	1	5
3520000	0	1
3530000	0	0
3540000	0	1
3550000	0	1
3560000	0	0
3570000	1	0
3580000	0	1
3590000	0	0
3600000	1	0
3610000	0	0
3620000	0	0
3630000	1	3
3640000	0	0
3650000	0	4
3660000	0	0
3670000	1	5
3680000	1	0
3690000	0	0
3700000	0	1
3710000	2	0
3720000	3	2
3730000	1	3
3740000	0	1
3750000	1	2
3760000	0	2
3770000	0	4
3780000	1	6
3790000	0	1
3800000	1	0
3810000	0	1
3820000	1	0
3830000	2	4
3840000	0	2
3850000	0	1
3860000	1	0
3870000	1	2
3880000	0	1
3890000	2	2
3900000	0	3
3910000	0	4
3920000	0	0
3930000	0	3
3940000	0	0
3950000	0	0
3960000	0	0
3970000	0	0
3980000	0	0
3990000	1	7
4000000	0	0
4010000	0	5
4020000	0	6
4030000	1	3
4040000	0	2
4050000	0	3
4060000	0	2
4070000	2	2
4080000	0	4
4090000	1	2
4100000	0	1
4110000	0	1
4120000	0	0
4130000	2	10
4140000	0	1
4150000	0	16
4160000	2	8
4170000	1	0
4180000	0	0
4190000	0	5
4200000	1	0
4210000	0	1
4220000	0	0
4230000	0	4
4240000	0	0
4250000	0	0
4260000	0	3
4270000	0	0
4280000	1	7
4290000	0	0
4300000	0	6
4310000	3	2
4320000	0	0
4330000	0	1
4340000	1	3
4350000	0	7
4360000	0	2
4370000	0	0
4380000	0	0
4390000	0	6
4400000	0	4
4410000	1	2
4420000	0	3
4430000	0	2
4440000	0	0
4450000	0	0
4460000	0	0
4470000	0	2
4480000	1	2
4490000	0	1
4500000	1	0
4510000	2	4
4520000	0	3
4530000	0	0
4540000	0	0
4550000	1	4
4560000	1	3
4570000	0	2
4580000	0	1
4590000	2	0
4600000	2	0
4610000	2	4
4620000	1	2
4630000	0	2
4640000	0	0
4650000	0	1
4660000	1	0
4670000	0	2
4680000	0	2
4690000	0	0
4700000	1	0
4710000	0	1
4720000	1	0
4730000	0	0
4740000	0	0
4750000	0	1
4760000	2	4
4770000	2	4
4780000	0	4
4790000	0	1
4800000	1	0
4810000	1	3
4820000	1	6
4830000	0	0
4840000	0	1
4850000	0	0
4860000	1	0
4870000	0	1
4880000	0	0
4890000	0	0
4900000	2	0
4910000	0	1
4920000	1	1
4930000	0	0
4940000	0	2
4950000	0	0
4960000	0	0
4970000	0	1
4980000	0	0
4990000	0	0
5000000	0	0
5010000	0	1
5020000	0	0
5030000	0	0
5040000	0	2
5050000	0	0
5060000	1	0
5070000	0	1
5080000	0	1
5090000	0	2
5100000	0	4
5110000	0	4
5120000	0	1
5130000	0	0
5140000	0	6
5150000	2	1
5160000	0	2
5170000	0	6
5180000	0	1
5190000	0	8
5200000	0	4
5210000	0	8
5220000	0	1
5230000	1	6
5240000	0	4
5250000	0	1
5260000	2	5
5270000	0	7
5280000	0	4
5290000	0	2
5300000	1	2
5310000	0	5
5320000	0	2
5330000	0	1
5340000	1	1
5350000	0	2
5360000	0	0
5370000	0	2
5380000	0	1
5390000	2	2
5400000	1	11
5410000	0	8
5420000	0	2
5430000	1	1
5440000	0	4
5450000	0	4
5460000	2	6
5470000	0	3
5480000	0	4
5490000	0	4
5500000	0	2
5510000	0	5
5520000	0	5
5530000	0	0
5540000	0	0
5550000	1	5
5560000	2	2
5570000	0	3
5580000	0	2
5590000	0	1
5600000	0	2
5610000	0	3
5620000	0	2
5630000	0	0
5640000	0	0
5650000	0	0
5660000	2	4
5670000	1	12
5680000	0	5
5690000	0	1
5700000	0	5
5710000	0	2
5720000	0	6
5730000	0	0
5740000	0	0
5750000	0	2
5760000	0	5
5770000	0	3
5780000	0	2
5790000	1	3
5800000	0	1
5810000	0	3
5820000	0	2
5830000	0	2
5840000	0	0
5850000	0	0
5860000	0	5
5870000	0	3
5880000	0	5
5890000	1	17
5900000	0	8
5910000	1	1
5920000	0	8
5930000	0	5
5940000	0	3
5950000	0	0
5960000	0	1
5970000	0	0
5980000	1	1
5990000	0	3
6000000	0	0
6010000	0	0
6020000	0	3
6030000	0	1
6040000	1	4
6050000	0	0
6060000	0	2
6070000	0	2
6080000	1	1
6090000	0	1
6100000	0	1
6110000	3	8
6120000	0	6
6130000	2	10
6140000	2	9
6150000	2	9
6160000	4	16
6170000	0	10
6180000	0	0
6190000	0	1
6200000	0	0
6210000	0	0
6220000	0	2
6230000	0	3
6240000	0	0
6250000	1	1
6260000	0	1
6270000	0	0
6280000	0	3
6290000	0	2
6300000	0	2
6310000	0	2
6320000	0	2
6330000	0	1
6340000	0	1
6350000	1	2
6360000	0	1
6370000	1	2
6380000	0	3
6390000	0	1
6400000	0	1
6410000	0	1
6420000	0	0
6430000	0	1
6440000	4	2
6450000	1	0
6460000	0	3
6470000	1	1
6480000	0	0
6490000	1	0
6500000	1	2
6510000	0	2
6520000	0	2
6530000	1	5
6540000	1	8
6550000	2	5
6560000	0	1
6570000	0	2
6580000	1	5
6590000	0	1
6600000	0	2
6610000	0	4
6620000	0	5
6630000	0	4
6640000	0	0
6650000	2	0
6660000	0	1
6670000	0	1
6680000	0	1
6690000	0	0
6700000	1	1
6710000	0	1
6720000	2	2
6730000	0	5
6740000	0	4
6750000	0	6
6760000	0	4
6770000	0	1
6780000	0	1
6790000	1	2
6800000	0	4
6810000	0	3
6820000	1	3
6830000	0	3
6840000	0	5
6850000	0	2
6860000	0	1
6870000	0	0
6880000	1	3
6890000	0	5
6900000	0	0
6910000	0	1
6920000	0	1
6930000	0	0
6940000	0	1
6950000	1	7
6960000	0	3
6970000	3	1
6980000	1	1
6990000	0	7
7000000	0	7
7010000	1	5
7020000	0	1
7030000	0	1
7040000	0	1
7050000	0	1
7060000	0	6
7070000	4	56
7080000	3	46
7090000	0	0
7100000	1	1
7110000	0	3
7120000	0	0
7130000	0	2
7140000	0	1
7150000	1	1
7160000	0	0
7170000	1	10
7180000	1	5
7190000	0	5
7200000	1	2
7210000	0	3
7220000	0	2
7230000	2	4
7240000	0	3
7250000	0	3
7260000	0	1
7270000	0	3
7280000	1	1
7290000	0	1
7300000	2	4
7310000	0	4
7320000	0	3
7330000	0	3
7340000	0	5
7350000	1	1
7360000	0	2
7370000	0	2
7380000	0	2
7390000	0	1
7400000	0	4
7410000	0	0
7420000	1	1
7430000	0	3
7440000	0	13
7450000	0	8
7460000	0	2
7470000	1	1
7480000	5	14
7490000	0	3
7500000	0	4
7510000	0	2
7520000	0	2
7530000	0	2
7540000	0	0
7550000	0	4
7560000	0	2
7570000	0	3
7580000	0	2
7590000	0	1
7600000	0	0
7610000	1	0
7620000	0	4
7630000	0	0
7640000	1	2
7650000	0	1
7660000	0	1
7670000	0	0
7680000	0	3
7690000	0	1
7700000	0	0
7710000	0	0
7720000	4	4
7730000	1	5
7740000	1	0
7750000	0	10
7760000	0	2
7770000	0	2
7780000	0	2
7790000	0	0
7800000	2	2
7810000	1	3
7820000	0	1
7830000	0	0
7840000	1	1
7850000	0	2
7860000	2	10
7870000	0	0
7880000	0	1
7890000	1	1
7900000	0	2
7910000	0	6
7920000	1	1
7930000	1	0
7940000	0	0
7950000	0	0
7960000	1	2
7970000	0	7
7980000	0	4
7990000	0	2
8000000	0	2
8010000	0	0
8020000	0	0
8030000	0	0
8040000	1	0
8050000	0	0
8060000	0	5
8070000	0	2
8080000	1	4
8090000	2	5
8100000	0	10
8110000	1	2
8120000	0	0
8130000	2	0
8140000	0	0
8150000	1	1
8160000	1	2
8170000	0	5
8180000	0	3
8190000	0	6
8200000	1	3
8210000	2	3
8220000	0	2
8230000	1	3
8240000	0	5
8250000	1	1
8260000	0	3
8270000	3	4
8280000	0	2
8290000	1	1
8300000	0	1
8310000	0	2
8320000	0	3
8330000	3	8
8340000	0	0
8350000	0	5
8360000	2	0
8370000	0	1
8380000	1	3
8390000	0	3
8400000	0	6
8410000	1	1
8420000	0	1
8430000	0	0
8440000	1	11
8450000	1	12
8460000	0	5
8470000	0	0
8480000	0	0
8490000	0	0
8500000	0	2
8510000	2	8
8520000	1	0
8530000	0	2
8540000	1	7
8550000	2	3
8560000	0	6
8570000	0	5
8580000	0	0
8590000	0	0
8600000	0	2
8610000	0	1
8620000	0	1
8630000	0	1
8640000	1	16
8650000	1	14
8660000	0	2
8670000	0	3
8680000	0	5
8690000	3	9
8700000	1	6
8710000	1	3
8720000	0	1
8730000	0	0
8740000	0	0
8750000	0	0
8760000	0	2
8770000	0	1
8780000	0	0
8790000	0	0
8800000	0	3
8810000	0	0
8820000	0	0
8830000	0	2
8840000	0	3
8850000	0	0
8860000	0	0
8870000	0	0
8880000	0	1
8890000	0	1
8900000	0	0
8910000	0	0
8920000	0	2
8930000	0	0
8940000	1	1
8950000	0	1
8960000	0	2
8970000	0	1
8980000	0	1
8990000	0	1
9000000	2	1
9010000	0	5
9020000	0	7
9030000	1	1
9040000	1	2
9050000	0	7
9060000	0	0
9070000	0	0
9080000	0	1
9090000	0	0
9100000	0	1
9110000	1	0
9120000	0	1
9130000	0	0
9140000	0	3
9150000	0	1
9160000	0	3
9170000	0	2
9180000	0	1
9190000	0	1
9200000	1	1
9210000	0	0
9220000	0	0
9230000	0	0
9240000	0	0
9250000	0	0
9260000	0	1
9270000	0	0
9280000	1	0
9290000	0	0
9300000	0	2
9310000	0	1
9320000	1	0
9330000	0	3
9340000	0	5
9350000	0	0
9360000	0	1
9370000	0	1
9380000	5	4
9390000	0	2
9400000	0	7
9410000	0	1
9420000	2	0
9430000	2	7
9440000	0	4
9450000	1	7
9460000	1	3
9470000	0	0
9480000	0	0
9490000	0	3
9500000	0	4
9510000	0	0
9520000	0	2
9530000	0	8
9540000	2	6
9550000	0	0
9560000	0	0
9570000	2	13
9580000	2	18
9590000	11	19
9600000	3	17
9610000	0	1
9620000	0	5
9630000	1	1
9640000	0	2
9650000	0	3
9660000	0	0
9670000	0	3
9680000	0	2
9690000	0	3
9700000	0	4
9710000	0	4
9720000	0	0
9730000	1	3
9740000	0	4
9750000	1	1
9760000	0	3
9770000	0	2
9780000	0	0
9790000	0	5
9800000	0	1
9810000	0	2
9820000	0	0
9830000	3	0
9840000	0	3
9850000	1	9
9860000	0	1
9870000	1	1
9880000	0	4
9890000	0	2
9900000	1	0
9910000	0	1
9920000	0	0
9930000	0	6
9940000	0	2
9950000	0	3
9960000	0	2
9970000	0	1
9980000	0	0
9990000	2	9
10000000	1	3
10010000	0	0
10020000	1	2
10030000	0	1
10040000	0	2
10050000	1	1
10060000	0	1
10070000	1	2
10080000	0	4
10090000	0	1
10100000	0	0
10110000	0	1
10120000	2	2
10130000	2	1
10140000	0	4
10150000	0	3
10160000	0	11
10170000	0	4
10180000	0	1
10190000	0	2
10200000	0	1
10210000	0	4
10220000	0	0
10230000	0	0
10240000	0	0
10250000	0	0
10260000	3	2
10270000	0	1
10280000	1	0
10290000	0	0
10300000	0	1
10310000	0	3
10320000	0	0
10330000	0	0
10340000	0	0
10350000	2	0
10360000	0	1
10370000	1	2
10380000	0	6
10390000	0	3
10400000	0	3
10410000	0	2
10420000	0	2
10430000	0	7
10440000	3	2
10450000	1	1
10460000	0	8
10470000	0	4
10480000	0	3
10490000	1	3
10500000	1	3
10510000	0	1
10520000	1	0
10530000	1	0
10540000	0	6
10550000	0	2
10560000	0	3
10570000	0	1
10580000	1	0
10590000	0	1
10600000	1	1
10610000	0	8
10620000	1	3
10630000	0	2
10640000	0	2
10650000	0	0
10660000	1	0
10670000	2	0
10680000	0	1
10690000	0	2
10700000	0	11
10710000	1	4
10720000	0	3
10730000	0	0
10740000	0	0
10750000	0	1
10760000	0	0
10770000	0	1
10780000	0	0
10790000	0	0
10800000	0	1
10810000	1	9
10820000	0	2
10830000	1	4
10840000	0	0
10850000	0	3
10860000	0	0
10870000	0	0
10880000	1	3
10890000	0	3
10900000	1	5
10910000	0	6
10920000	0	2
10930000	7	2
10940000	0	2
10950000	0	0
10960000	0	0
10970000	0	2
10980000	0	0
10990000	2	10
11000000	1	10
11010000	0	4
11020000	0	9
11030000	2	3
11040000	1	1
11050000	0	6
11060000	0	7
11070000	0	0
11080000	0	0
11090000	3	1
11100000	0	7
11110000	1	9
11120000	0	0
11130000	0	1
11140000	2	1
11150000	0	3
11160000	2	4
11170000	2	8
11180000	0	3
11190000	1	5
11200000	0	9
11210000	0	0
11220000	0	8
11230000	0	7
11240000	2	3
11250000	0	4
11260000	3	9
11270000	2	14
11280000	1	3
11290000	1	1
11300000	3	5
11310000	2	3
11320000	1	9
11330000	0	6
11340000	0	5
11350000	2	9
11360000	6	8
11370000	1	1
11380000	0	6
11390000	0	0
11400000	1	8
11410000	0	1
11420000	2	11
11430000	3	6
11440000	2	7
11450000	0	0
11460000	1	5
11470000	4	22
11480000	1	1
11490000	1	6
11500000	0	1
11510000	0	8
11520000	1	7
11530000	0	5
11540000	2	2
11550000	0	1
11560000	3	2
11570000	1	3
11580000	1	7
11590000	1	18
11600000	1	1
11610000	0	1
11620000	0	1
11630000	0	1
11640000	0	1
11650000	1	2
11660000	1	5
11670000	0	1
11680000	1	2
11690000	0	0
11700000	2	6
11710000	0	0
11720000	0	1
11730000	0	0
11740000	0	0
11750000	0	0
11760000	0	3
11770000	0	0
11780000	1	2
11790000	0	2
11800000	0	3
11810000	0	3
11820000	1	4
11830000	0	1
11840000	0	2
11850000	0	1
11860000	0	3
11870000	0	0
11880000	0	0
11890000	1	0
11900000	0	2
11910000	0	1
11920000	1	1
11930000	0	0
11940000	0	2
11950000	1	5
11960000	2	5
11970000	0	4
11980000	0	0
11990000	0	1
12000000	0	2
12010000	0	2
12020000	0	5
12030000	0	1
12040000	3	3
12050000	1	1
12060000	0	1
12070000	0	3
12080000	0	2
12090000	0	9
12100000	1	2
12110000	0	1
12120000	0	2
12130000	0	3
12140000	0	0
12150000	4	14
12160000	4	17
12170000	1	3
12180000	0	12
12190000	1	4
12200000	2	0
12210000	0	5
12220000	0	0
12230000	1	6
12240000	0	1
12250000	1	4
12260000	4	2
12270000	0	3
12280000	1	6
12290000	2	4
12300000	30	40
12310000	1	7
12320000	0	1
12330000	0	0
12340000	0	3
12350000	0	4
12360000	0	3
12370000	1	3
12380000	25	38
12390000	1	8
12400000	4	12
12410000	0	2
12420000	0	10
12430000	0	3
12440000	0	2
12450000	1	2
12460000	0	11
12470000	2	7
12480000	0	1
12490000	1	1
12500000	1	1
12510000	0	2
12520000	0	2
12530000	0	4
12540000	0	9
12550000	0	3
12560000	0	1
12570000	1	15
12580000	1	21
12590000	0	0
12600000	0	1
12610000	2	2
12620000	0	6
12630000	0	7
12640000	0	0
12650000	0	0
12660000	0	0
12670000	2	18
12680000	0	27
12690000	0	3
12700000	0	3
12710000	0	7
12720000	4	3
12730000	0	2
12740000	0	0
12750000	2	4
12760000	12	127
12770000	0	1
12780000	0	0
12790000	0	0
12800000	0	0
12810000	1	0
12820000	1	4
12830000	0	4
12840000	2	0
12850000	1	9
12860000	0	2
12870000	0	7
12880000	0	1
12890000	2	2
12900000	0	1
12910000	0	0
12920000	4	14
12930000	0	4
12940000	0	8
12950000	0	6
12960000	1	11
12970000	0	3
12980000	0	3
12990000	0	0
13000000	0	1
13010000	0	0
13020000	0	2
13030000	1	2
13040000	0	1
13050000	1	9
13060000	0	0
13070000	0	1
13080000	0	0
13090000	0	0
13100000	0	2
13110000	0	1
13120000	1	1
13130000	0	1
13140000	0	8
13150000	2	6
13160000	0	9
13170000	1	2
13180000	0	4
13190000	2	22
13200000	1	6
13210000	0	6
13220000	0	1
13230000	3	14
13240000	0	3
13250000	0	0
13260000	0	1
13270000	0	17
13280000	0	1
13290000	1	8
13300000	0	7
13310000	0	2
13320000	0	1
13330000	7	26
13340000	2	42
13350000	1	3
13360000	1	5
13370000	0	0
13380000	0	3
13390000	1	0
13400000	7	39
13410000	1	7
13420000	0	2
13430000	1	11
13440000	0	4
13450000	0	15
13460000	0	1
13470000	1	1
13480000	0	5
13490000	0	5
13500000	1	2
13510000	0	14
13520000	0	21
13530000	0	7
13540000	1	2
13550000	1	2
13560000	0	4
13570000	1	11
13580000	0	9
13590000	0	2
13600000	0	17
13610000	1	2
13620000	3	25
13630000	1	11
13640000	1	13
13650000	0	21
13660000	0	13
13670000	0	3
13680000	0	2
13690000	0	2
13700000	0	1
13710000	0	23
13720000	1	13
13730000	0	22
13740000	0	6
13750000	1	4
13760000	1	5
13770000	0	5
13780000	2	50
13790000	0	21
13800000	0	21
13810000	0	7
13820000	0	2
13830000	0	9
13840000	0	9
13850000	2	37
13860000	0	4
13870000	0	13
13880000	0	5
13890000	0	9
13900000	0	6
13910000	0	0
13920000	0	11
13930000	1	7
13940000	0	3
13950000	0	44
13960000	0	77
13970000	0	5
13980000	1	20
13990000	0	1
14000000	27	0
14010000	0	0
14020000	0	0
14030000	1	1
14040000	0	1
14050000	2	12
14060000	0	8
14070000	0	5
14080000	2	26
14090000	1	27
14100000	0	12
14110000	0	2
14120000	0	1
14130000	0	10
14140000	0	7
14150000	1	1
14160000	0	4
14170000	0	0
14180000	0	7
14190000	1	14
14200000	5	38
14210000	1	29
14220000	0	7
14230000	0	10
14240000	1	19
14250000	0	25
14260000	0	32
14270000	0	7
14280000	1	13
14290000	0	5
14300000	0	0
14310000	15	4
14320000	0	5
14330000	0	7
14340000	0	18
14350000	3	1
14360000	0	1
14370000	6	66
14380000	0	2
14390000	1	8
14400000	1	0
14410000	2	48
14420000	0	1
14430000	1	8
14440000	0	14
14450000	0	9
14460000	0	6
14470000	0	5
14480000	2	62
14490000	1	56
14500000	0	48
14510000	8	95
14520000	2511	42
14530000	3569	0
14540000	3065	1
14550000	1812	74
14560000	2370	0
14570000	1449	0
14580000	2149	0
14590000	502	35
14600000	0	9
14610000	0	9
14620000	1301	1
14630000	1159	0
14640000	788	0
14650000	536	0
14660000	358	3
14670000	1	5
14680000	0	4
14690000	2	6
14700000	2	2
14710000	0	0
14720000	1	10
14730000	0	0
14740000	0	0
14750000	1	10
14760000	360	1
14770000	288	0
14780000	370	0
14790000	589	0
14800000	571	0
14810000	313	8
14820000	0	4
14830000	0	7
14840000	1	13
14850000	0	7
14860000	5	24
14870000	1	15
14880000	1	15
14890000	4	3
14900000	1	6
14910000	0	12
14920000	0	11
14930000	0	9
14940000	0	3
14950000	0	0
14960000	0	0
14970000	0	1
14980000	1	4
14990000	0	0
15000000	0	2
15010000	1	25
15020000	1	0
15030000	0	0
15040000	0	13
15050000	0	12
15060000	0	25
15070000	0	24
15080000	0	26
15090000	603	39
15100000	0	13
15110000	0	8
15120000	0	0
15130000	0	0
15140000	0	1
15150000	3	16
15160000	0	27
15170000	0	24
15180000	1	12
15190000	0	12
15200000	0	11
15210000	3	25
15220000	3	19
15230000	0	10
15240000	0	0
15250000	0	2
15260000	0	2
15270000	0	5
15280000	3	16
15290000	0	1
15300000	0	0
15310000	1	1
15320000	2	6
15330000	41	1
15340000	0	0
15350000	85	0
15360000	0	3
15370000	2	9
15380000	5	17
15390000	1	19
15400000	28	8
15410000	2	13
15420000	13	33
15430000	1	54
15440000	1	84
15450000	0	20
15460000	0	16
15470000	0	0
15480000	0	2
15490000	0	8
15500000	0	8
15510000	0	19
15520000	0	20
15530000	0	74
15540000	1	33
15550000	0	37
15560000	0	4
15570000	0	69
15580000	1	54
15590000	3	58
15600000	1	31
15610000	0	29
15620000	0	6
15630000	0	2
15640000	0	15
15650000	0	7
15660000	2	9
15670000	0	11
15680000	0	15
15690000	0	9
15700000	0	36
15710000	1	23
15720000	1	9
15730000	0	0
15740000	0	17
15750000	5	50
15760000	0	2
15770000	0	4
15780000	0	1
15790000	0	10
15800000	0	5
15810000	1	6
15820000	1	8
15830000	0	2
15840000	0	6
15850000	0	9
15860000	0	5
15870000	0	6
15880000	1	3
15890000	0	12
15900000	2	1
15910000	0	15
15920000	1	21
15930000	0	1
15940000	0	3
15950000	0	3
15960000	1	19
15970000	0	7
15980000	1	3
15990000	1	5
16000000	0	2
16010000	1	13
16020000	1	9
16030000	2	9
16040000	0	10
16050000	3	8
16060000	2	43
16070000	1	1
16080000	0	12
16090000	1	7
16100000	0	17
16110000	0	9
16120000	1	7
16130000	0	7
16140000	0	0
16150000	0	2
16160000	0	1
16170000	0	3
16180000	1	3
16190000	1	1
16200000	3	40
16210000	3	27
16220000	1	13
16230000	0	4
16240000	0	4
16250000	0	4
16260000	0	0
16270000	0	10
16280000	1	5
16290000	1	7
16300000	0	1
16310000	1	3
16320000	1	5
16330000	0	0
16340000	0	31
16350000	0	1
16360000	0	6
16370000	2	13
16380000	3	19
16390000	1	17
16400000	1	15
16410000	2	8
16420000	0	7
16430000	0	3
16440000	5	38
16450000	0	1
16460000	2	11
16470000	0	0
16480000	0	0
16490000	0	2
16500000	0	1
16510000	1	13
16520000	29	125
16530000	29	102
16540000	1	11
16550000	0	6
16560000	3	32
16570000	0	0
16580000	0	9
16590000	2	49
16600000	0	2
16610000	1	5
16620000	0	5
16630000	0	14
16640000	1	17
16650000	0	9
16660000	0	1
16670000	0	13
16680000	0	12
16690000	0	6
16700000	0	9
16710000	0	2
16720000	1	4
16730000	1	6
16740000	1	8
16750000	0	14
16760000	0	1
16770000	1	1
16780000	0	0
16790000	0	3
16800000	0	0
16810000	0	0
16820000	1	0
16830000	0	1
16840000	0	0
16850000	0	2
16860000	3	22
16870000	0	0
16880000	0	1
16890000	1	9
16900000	0	0
16910000	0	2
16920000	1	5
16930000	0	3
16940000	0	0
16950000	0	5
16960000	0	2
16970000	0	5
16980000	1	7
16990000	0	3
17000000	0	30
17010000	0	7
17020000	0	5
17030000	1	12
17040000	3	8
17050000	0	3
17060000	0	1
17070000	0	2
17080000	0	0
17090000	0	4
17100000	1	2
17110000	0	1
17120000	0	2
17130000	0	2
17140000	0	0
17150000	1	2
17160000	0	0
17170000	0	1
17180000	0	1
17190000	0	11
17200000	4	3
17210000	0	1
17220000	0	1
17230000	0	0
17240000	0	0
17250000	0	3
17260000	1	11
17270000	0	1
17280000	0	0
17290000	0	0
17300000	1	2
17310000	0	1
17320000	0	7
17330000	1	8
17340000	0	1
17350000	0	3
17360000	0	0
17370000	0	3
17380000	0	2
17390000	0	0
17400000	0	13
17410000	0	3
17420000	0	2
17430000	0	1
17440000	0	3
17450000	2	13
17460000	0	4
17470000	0	5
17480000	0	7
17490000	0	1
17500000	9	12
17510000	0	5
17520000	0	1
17530000	0	3
17540000	2	30
17550000	0	2
17560000	0	0
17570000	0	1
17580000	0	2
17590000	0	1
17600000	0	0
17610000	0	3
17620000	0	7
17630000	0	13
17640000	0	2
17650000	1	3
17660000	0	0
17670000	1	0
17680000	0	0
17690000	1	2
17700000	0	0
17710000	0	1
17720000	0	2
17730000	0	3
17740000	0	0
17750000	0	1
17760000	1	0
17770000	3	0
17780000	0	2
17790000	0	1
17800000	0	2
17810000	0	1
17820000	0	0
17830000	0	0
17840000	0	5
17850000	0	2
17860000	1	3
17870000	0	5
17880000	1	1
17890000	0	0
17900000	0	2
17910000	0	2
17920000	0	1
17930000	0	2
17940000	0	0
17950000	0	0
17960000	1	0
17970000	0	1
17980000	0	1
17990000	0	3
18000000	0	4
18010000	0	0
18020000	0	3
18030000	0	3
18040000	0	1
18050000	0	1
18060000	0	1
18070000	0	3
18080000	0	3
18090000	0	1
18100000	0	0
18110000	0	1
18120000	1	0
18130000	0	0
18140000	0	2
18150000	0	2
18160000	0	25
18170000	0	9
18180000	0	6
18190000	0	1
18200000	1	2
18210000	0	0
18220000	0	1
18230000	0	1
18240000	0	2
18250000	0	0
18260000	0	3
18270000	0	0
18280000	2	0
18290000	0	0
18300000	0	0
18310000	0	2
18320000	1	4
18330000	0	2
18340000	0	3
18350000	0	2
18360000	0	1
18370000	0	2
18380000	0	3
18390000	0	2
18400000	0	0
18410000	0	1
18420000	1	0
18430000	0	1
18440000	1	1
18450000	0	1
18460000	0	2
18470000	0	0
18480000	0	3
18490000	0	3
18500000	0	0
18510000	0	3
18520000	0	5
18530000	0	1
18540000	0	4
18550000	0	1
18560000	1	0
18570000	0	3
18580000	0	0
18590000	1	3
18600000	0	0
18610000	0	1
18620000	0	4
18630000	1	7
18640000	0	2
18650000	0	1
18660000	0	0
18670000	0	1
18680000	0	1
18690000	0	1
18700000	1	7
18710000	0	3
18720000	0	0
18730000	0	1
18740000	0	0
18750000	0	0
18760000	0	1
18770000	0	0
18780000	0	1
18790000	0	6
18800000	0	3
18810000	0	0
18820000	0	4
18830000	0	5
18840000	0	7
18850000	0	4
18860000	0	4
18870000	0	3
18880000	0	3
18890000	0	1
18900000	0	1
18910000	1	1
18920000	0	0
18930000	0	0
18940000	0	0
18950000	0	1
18960000	1	1
18970000	6	71
18980000	2	25
18990000	0	0
19000000	0	0
19010000	0	0
19020000	0	0
19030000	0	0
19040000	0	0
19050000	0	1
19060000	0	2
19070000	1	2
19080000	1	1
19090000	0	1
19100000	0	1
19110000	0	0
19120000	0	1
19130000	0	2
19140000	0	0
19150000	0	5
19160000	0	2
19170000	0	0
19180000	0	0
19190000	0	0
19200000	0	0
19210000	1	0
19220000	0	0
19230000	0	0
19240000	2	1
19250000	0	2
19260000	0	3
19270000	0	4
19280000	0	0
19290000	0	1
19300000	0	1
19310000	0	0
19320000	0	3
19330000	0	0
19340000	1	22
19350000	0	3
19360000	0	1
19370000	0	2
19380000	0	2
19390000	0	2
19400000	0	0
19410000	0	2
19420000	0	6
19430000	0	1
19440000	0	1
19450000	1	3
19460000	0	1
19470000	0	0
19480000	0	0
19490000	0	1
19500000	0	0
19510000	1	1
19520000	0	1
19530000	0	0
19540000	0	0
19550000	0	0
19560000	0	0
19570000	0	2
19580000	0	0
19590000	0	2
19600000	1	4
19610000	0	0
19620000	1	2
19630000	0	0
19640000	0	0
19650000	0	1
19660000	0	3
19670000	0	0
19680000	1	3
19690000	0	0
19700000	1	5
19710000	0	3
19720000	0	2
19730000	0	1
19740000	1	3
19750000	0	4
19760000	0	0
19770000	0	0
19780000	0	2
19790000	0	0
19800000	0	2
19810000	0	1
19820000	0	0
19830000	0	0
19840000	0	2
19850000	0	0
19860000	0	4
19870000	0	2
19880000	0	3
19890000	0	3
19900000	1	2
19910000	0	2
19920000	0	0
19930000	0	0
19940000	0	0
19950000	4	1
19960000	0	3
19970000	0	3
19980000	0	0
19990000	0	0
20000000	0	0
20010000	0	0
20020000	0	0
20030000	0	0
20040000	0	1
20050000	0	1
20060000	0	1
20070000	0	1
20080000	0	3
20090000	0	1
20100000	0	0
20110000	0	0
20120000	0	0
20130000	0	0
20140000	0	0
20150000	1	1
20160000	0	1
20170000	0	3
20180000	0	1
20190000	0	0
20200000	0	0
20210000	2	1
20220000	0	0
20230000	0	1
20240000	0	1
20250000	0	1
20260000	1	0
20270000	0	1
20280000	0	0
20290000	0	1
20300000	0	0
20310000	0	1
20320000	0	9
20330000	1	4
20340000	0	0
20350000	0	0
20360000	0	2
20370000	0	1
20380000	0	2
20390000	0	1
20400000	2	0
20410000	0	1
20420000	0	7
20430000	0	1
20440000	0	1
20450000	0	4
20460000	0	0
20470000	0	0
20480000	1	21
20490000	0	0
20500000	0	0
20510000	0	0
20520000	0	0
20530000	2	1
20540000	0	0
20550000	0	0
20560000	2	0
20570000	0	2
20580000	0	0
20590000	0	0
20600000	0	0
20610000	0	0
20620000	1	0
20630000	0	0
20640000	1	0
20650000	0	1
20660000	0	3
20670000	0	0
20680000	0	2
20690000	0	4
20700000	0	2
20710000	1	9
20720000	0	5
20730000	0	3
20740000	0	3
20750000	0	0
20760000	0	4
20770000	2	1
20780000	0	0
20790000	1	0
20800000	1	3
20810000	0	0
20820000	1	1
20830000	3	1
20840000	0	1
20850000	0	2
20860000	0	0
20870000	0	1
20880000	0	1
20890000	0	3
20900000	0	3
20910000	0	7
20920000	0	2
20930000	0	6
20940000	0	0
20950000	1	2
20960000	0	1
20970000	1	1
20980000	0	1
20990000	0	0
21000000	0	3
21010000	0	2
21020000	0	2
21030000	0	0
21040000	0	0
21050000	0	1
21060000	0	0
21070000	0	1
21080000	0	1
21090000	0	1
21100000	0	1
21110000	0	1
21120000	0	1
21130000	1	3
21140000	0	0
21150000	0	0
21160000	1	1
21170000	0	0
21180000	0	2
21190000	0	3
21200000	0	0
21210000	0	1
21220000	0	0
21230000	0	2
21240000	0	0
21250000	0	0
21260000	0	0
21270000	0	0
21280000	0	0
21290000	0	0
21300000	0	0
21310000	0	4
21320000	0	3
21330000	0	5
21340000	0	1
21350000	0	0
21360000	0	0
21370000	0	0
21380000	0	1
21390000	0	0
21400000	0	3
21410000	0	1
21420000	0	1
21430000	0	1
21440000	0	2
21450000	0	0
21460000	0	12
21470000	0	1
21480000	2	0
21490000	0	0
21500000	0	4
21510000	0	1
21520000	0	1
21530000	0	4
21540000	3	4
21550000	0	0
21560000	0	2
21570000	0	0
21580000	0	0
21590000	0	3
21600000	0	2
21610000	0	0
21620000	0	0
21630000	0	0
21640000	0	1
21650000	0	0
21660000	1	0
21670000	0	0
21680000	0	1
21690000	0	4
21700000	1	4
21710000	0	0
21720000	0	1
21730000	0	2
21740000	0	0
21750000	1	0
21760000	1	1
21770000	0	3
21780000	0	0
21790000	0	1
21800000	0	0
21810000	0	5
21820000	0	0
21830000	0	1
21840000	0	2
21850000	0	1
21860000	1	6
21870000	0	0
21880000	0	1
21890000	0	0
21900000	0	4
21910000	1	1
21920000	0	1
21930000	0	1
21940000	0	4
21950000	0	1
21960000	0	1
21970000	0	1
21980000	0	0
21990000	0	0
22000000	0	3
22010000	0	0
22020000	0	1
22030000	0	3
22040000	1	2
22050000	0	1
22060000	0	2
22070000	0	1
22080000	0	7
22090000	0	1
22100000	0	1
22110000	1	0
22120000	0	1
22130000	0	0
22140000	0	0
22150000	2	0
22160000	1	1
22170000	0	1
22180000	0	2
22190000	0	0
22200000	0	0
22210000	0	0
22220000	0	2
22230000	0	0
22240000	0	0
22250000	0	8
22260000	2	0
22270000	0	5
22280000	0	1
22290000	0	0
22300000	0	2
22310000	1	1
22320000	1	3
22330000	0	5
22340000	0	2
22350000	0	5
22360000	1	2
22370000	0	1
22380000	0	4
22390000	0	1
22400000	0	6
22410000	0	0
22420000	0	1
22430000	0	0
22440000	0	0
22450000	0	1
22460000	0	1
22470000	0	0
22480000	0	0
22490000	1	0
22500000	0	0
22510000	0	0
22520000	0	0
22530000	0	1
22540000	0	1
22550000	0	1
22560000	0	3
22570000	0	2
22580000	2	5
22590000	0	0
22600000	0	0
22610000	0	1
22620000	0	0
22630000	0	2
22640000	0	0
22650000	0	0
22660000	0	3
22670000	0	0
22680000	0	1
22690000	0	1
22700000	0	5
22710000	1	5
22720000	0	0
22730000	0	0
22740000	0	0
22750000	0	0
22760000	0	0
22770000	0	0
22780000	0	2
22790000	0	0
22800000	0	2
22810000	0	2
22820000	3	3
22830000	0	1
22840000	1	2
22850000	0	3
22860000	1	2
22870000	0	4
22880000	0	1
22890000	0	1
22900000	0	1
22910000	0	1
22920000	0	0
22930000	0	0
22940000	0	2
22950000	0	3
22960000	0	0
22970000	0	1
22980000	0	2
22990000	0	4
23000000	0	3
23010000	0	0
23020000	0	0
23030000	0	0
23040000	0	2
23050000	0	0
23060000	0	0
23070000	0	0
23080000	0	0
23090000	0	0
23100000	0	0
23110000	0	3
23120000	0	9
23130000	0	3
23140000	0	3
23150000	0	0
23160000	0	3
23170000	0	0
23180000	0	2
23190000	1	1
23200000	0	1
23210000	0	2
23220000	0	2
23230000	0	0
23240000	1	3
23250000	0	0
23260000	1	2
23270000	0	3
23280000	0	4
23290000	0	1
23300000	0	1
23310000	0	0
23320000	0	1
23330000	0	3
23340000	0	0
23350000	0	0
23360000	0	1
23370000	0	0
23380000	1	0
23390000	0	1
23400000	0	2
23410000	0	1
23420000	0	0
23430000	1	1
23440000	0	0
23450000	0	1
23460000	0	5
23470000	0	0
23480000	0	1
23490000	0	0
23500000	2	0
23510000	0	4
23520000	0	1
23530000	0	0
23540000	0	0
23550000	0	0
23560000	0	1
23570000	0	3
23580000	0	0
23590000	0	2
23600000	0	0
23610000	0	1
23620000	0	0
23630000	0	2
23640000	0	0
23650000	1	0
23660000	0	1
23670000	1	3
23680000	0	0
23690000	0	0
23700000	0	0
23710000	0	0
23720000	0	4
23730000	0	0
23740000	1	1
23750000	0	2
23760000	0	1
23770000	0	0
23780000	0	2
23790000	0	0
23800000	0	0
23810000	0	0
23820000	3	1
23830000	0	1
23840000	0	0
23850000	0	3
23860000	0	2
23870000	0	0
23880000	0	1
23890000	0	1
23900000	1	0
23910000	0	0
23920000	1	1
23930000	0	4
23940000	1	1
23950000	0	0
23960000	0	0
23970000	0	2
23980000	0	1
23990000	0	0
24000000	0	0
24010000	0	3
24020000	0	0
24030000	0	1
24040000	0	0
24050000	1	0
24060000	0	1
24070000	0	1
24080000	0	0
24090000	0	2
24100000	1	4
24110000	0	1
24120000	0	0
24130000	1	3
24140000	1	3
24150000	0	1
24160000	1	1
24170000	0	0
24180000	0	2
24190000	0	2
24200000	0	1
24210000	1	1
24220000	0	1
24230000	0	0
24240000	0	0
24250000	0	0
24260000	0	2
24270000	0	0
24280000	3	2
24290000	0	2
24300000	0	0
24310000	1	1
24320000	0	1
24330000	0	1
24340000	0	0
24350000	0	2
24360000	0	0
24370000	0	2
24380000	0	0
24390000	0	1
24400000	1	0
24410000	0	1
24420000	0	0
24430000	0	2
24440000	0	1
24450000	0	0
24460000	0	1
24470000	0	0
24480000	0	3
24490000	0	1
24500000	0	1
24510000	0	0
24520000	0	0
24530000	0	1
24540000	0	0
24550000	0	0
24560000	0	1
24570000	1	0
24580000	0	4
24590000	1	1
24600000	0	2
24610000	0	0
24620000	0	0
24630000	0	1
24640000	0	1
24650000	0	1
24660000	0	0
24670000	0	1
24680000	0	0
24690000	1	0
24700000	0	1
24710000	0	1
24720000	0	0
24730000	0	0
24740000	0	0
24750000	0	5
24760000	0	0
24770000	0	0
24780000	0	0
24790000	0	0
24800000	0	0
24810000	0	1
24820000	0	1
24830000	0	0
24840000	0	0
24850000	0	0
24860000	0	2
24870000	0	1
24880000	0	0
24890000	1	10
24900000	0	2
24910000	0	1
24920000	0	0
24930000	1	1
24940000	0	0
24950000	0	0
24960000	0	1
24970000	0	0
24980000	0	1
24990000	0	0
25000000	1	2
25010000	0	0
25020000	0	0
25030000	0	2
25040000	0	1
25050000	0	0
25060000	0	0
25070000	0	0
25080000	0	1
25090000	0	0
25100000	1	0
25110000	0	0
25120000	1	1
25130000	0	0
25140000	0	0
25150000	0	0
25160000	0	3
25170000	0	0
25180000	0	1
25190000	0	2
25200000	0	2
25210000	0	0
25220000	0	0
25230000	0	0
25240000	0	0
25250000	0	1
25260000	0	0
25270000	0	1
25280000	0	0
25290000	0	0
25300000	1	0
25310000	0	3
25320000	0	0
25330000	1	0
25340000	1	2
25350000	0	1
25360000	0	0
25370000	0	0
25380000	0	0
25390000	0	2
25400000	0	0
25410000	1	0
25420000	0	0
25430000	1	0
25440000	0	1
25450000	0	0
25460000	0	0
25470000	0	1
25480000	0	1
25490000	0	0
25500000	0	3
25510000	0	0
25520000	0	0
25530000	0	0
25540000	0	0
25550000	0	1
25560000	0	0
25570000	0	3
25580000	0	0
25590000	0	0
25600000	0	0
25610000	0	1
25620000	0	0
25630000	1	0
25640000	0	0
25650000	0	1
25660000	0	0
25670000	0	0
25680000	0	0
25690000	0	0
25700000	0	0
25710000	0	1
25720000	0	0
25730000	1	1
25740000	0	0
25750000	0	0
25760000	0	1
25770000	0	1
25780000	0	0
25790000	0	0
25800000	0	0
25810000	0	0
25820000	0	3
25830000	0	0
25840000	0	0
25850000	0	0
25860000	0	0
25870000	0	0
25880000	0	1
25890000	0	0
25900000	1	0
25910000	0	1
25920000	0	0
25930000	0	0
25940000	0	1
25950000	0	4
25960000	0	0
25970000	0	0
25980000	0	0
25990000	0	0
26000000	0	0
26010000	0	0
26020000	0	1
26030000	0	0
26040000	0	0
26050000	0	1
26060000	0	1
26070000	3	0
26080000	1	0
26090000	0	0
26100000	0	0
26110000	1	0
26120000	0	0
26130000	0	3
26140000	0	0
26150000	0	0
26160000	0	2
26170000	0	1
26180000	0	1
26190000	0	0
26200000	0	0
26210000	0	0
26220000	0	0
26230000	1	1
26240000	0	0
26250000	0	1
26260000	0	0
26270000	0	0
26280000	0	1
26290000	0	0
26300000	0	3
26310000	0	1
26320000	0	0
26330000	0	3
26340000	0	0
26350000	1	1
26360000	0	1
26370000	0	1
26380000	0	7
26390000	0	0
26400000	0	0
26410000	0	1
26420000	0	1
26430000	0	0
26440000	0	0
26450000	0	1
26460000	0	0
26470000	0	0
26480000	0	0
26490000	0	0
26500000	0	2
26510000	0	0
26520000	0	1
26530000	0	0
26540000	0	1
26550000	0	0
26560000	0	0
26570000	0	0
26580000	0	0
26590000	2	1
26600000	0	1
26610000	0	0
26620000	1	0
26630000	0	0
26640000	0	0
26650000	0	0
26660000	0	0
26670000	1	2
26680000	0	0
26690000	1	1
26700000	0	0
26710000	0	0
26720000	0	1
26730000	0	0
26740000	0	0
26750000	0	1
26760000	0	0
26770000	0	0
26780000	0	0
26790000	0	0
26800000	0	1
26810000	0	0
26820000	0	0
26830000	1	2
26840000	1	1
26850000	0	0
26860000	1	3
26870000	0	1
26880000	0	0
26890000	0	1
26900000	0	1
26910000	0	2
26920000	0	3
26930000	0	0
26940000	0	1
26950000	0	1
26960000	0	1
26970000	0	1
26980000	0	0
26990000	0	0
27000000	0	0
27010000	0	0
27020000	0	1
27030000	0	0
27040000	4	0
27050000	3	2
27060000	0	0
27070000	0	0
27080000	0	0
27090000	0	1
27100000	0	1
27110000	0	0
27120000	0	1
27130000	0	2
27140000	0	0
27150000	0	0
27160000	0	0
27170000	0	0
27180000	0	4
27190000	0	0
27200000	0	1
27210000	0	0
27220000	0	0
27230000	0	2
27240000	0	0
27250000	0	1
27260000	0	0
27270000	0	0
27280000	0	2
27290000	0	0
27300000	0	1
27310000	0	0
27320000	0	0
27330000	0	0
27340000	0	0
27350000	0	0
27360000	0	1
27370000	1	1
27380000	0	0
27390000	0	0
27400000	0	0
27410000	0	0
27420000	0	2
27430000	0	0
27440000	0	0
27450000	0	1
27460000	0	0
27470000	0	2
27480000	0	1
27490000	1	0
27500000	0	0
27510000	0	0
27520000	0	0
27530000	0	1
27540000	0	0
27550000	0	0
27560000	0	1
27570000	0	0
27580000	0	0
27590000	0	1
27600000	0	0
27610000	0	0
27620000	0	0
27630000	0	0
27640000	1	1
27650000	0	0
27660000	0	0
27670000	0	1
27680000	0	0
27690000	0	1
27700000	0	0
27710000	0	0
27720000	1	2
27730000	0	0
27740000	0	0
27750000	0	0
27760000	0	1
27770000	0	1
27780000	0	4
27790000	0	0
27800000	0	1
27810000	0	1
27820000	0	9
27830000	0	1
27840000	0	0
27850000	0	1
27860000	0	0
27870000	2	1
27880000	0	0
27890000	0	0
27900000	0	0
27910000	0	3
27920000	0	4
27930000	0	1
27940000	0	2
27950000	0	1
27960000	0	0
27970000	0	0
27980000	0	0
27990000	0	0
28000000	0	5
28010000	0	0
28020000	0	0
28030000	0	1
28040000	0	0
28050000	0	2
28060000	0	0
28070000	0	1
28080000	0	0
28090000	0	2
28100000	0	0
28110000	0	1
28120000	0	0
28130000	0	2
28140000	0	0
28150000	0	0
28160000	0	0
28170000	0	1
28180000	0	0
28190000	0	1
28200000	0	3
28210000	0	1
28220000	1	0
28230000	0	0
28240000	0	0
28250000	0	1
28260000	0	1
28270000	0	0
28280000	0	2
28290000	0	0
28300000	2	1
28310000	0	0
28320000	0	0
28330000	1	0
28340000	0	0
28350000	0	0
28360000	0	1
28370000	0	2
28380000	0	1
28390000	0	0
28400000	0	0
28410000	0	1
28420000	0	0
28430000	0	0
28440000	0	2
28450000	0	0
28460000	0	0
28470000	0	0
28480000	0	0
28490000	0	0
28500000	0	0
28510000	0	1
28520000	0	1
28530000	0	0
28540000	0	0
28550000	0	0
28560000	0	0
28570000	0	0
28580000	0	0
28590000	0	1
28600000	0	0
28610000	0	0
28620000	0	0
28630000	0	3
28640000	0	0
28650000	0	1
28660000	0	0
28670000	0	0
28680000	0	1
28690000	0	0
28700000	0	0
28710000	0	0
28720000	0	1
28730000	0	1
28740000	0	0
28750000	0	0
28760000	0	0
28770000	0	0
28780000	0	0
28790000	0	1
28800000	0	2
28810000	0	0
28820000	0	4
28830000	0	0
28840000	0	1
28850000	0	0
28860000	0	0
28870000	0	0
28880000	0	0
28890000	0	2
28900000	0	0
28910000	0	2
28920000	0	0
28930000	0	0
28940000	0	1
28950000	0	0
28960000	0	0
28970000	0	0
28980000	0	0
28990000	0	0
29000000	0	1
29010000	0	2
29020000	0	2
29030000	0	0
29040000	0	1
29050000	0	0
29060000	0	0
29070000	2	0
29080000	0	0
29090000	0	0
29100000	1	0
29110000	0	0
29120000	0	0
29130000	1	0
29140000	0	5
29150000	0	0
29160000	0	2
29170000	0	1
29180000	0	1
29190000	0	0
29200000	0	0
29210000	0	1
29220000	0	0
29230000	0	0
29240000	0	1
29250000	0	0
29260000	0	0
29270000	0	2
29280000	0	1
29290000	0	0
29300000	0	1
29310000	0	1
29320000	0	0
29330000	1	0
29340000	0	3
29350000	1	1
29360000	0	6
29370000	0	0
29380000	0	1
29390000	0	0
29400000	0	0
29410000	0	0
29420000	2	1
29430000	0	0
29440000	0	0
29450000	0	0
29460000	1	0
29470000	0	0
29480000	0	5
29490000	0	0
29500000	0	0
29510000	0	1
29520000	0	1
29530000	0	0
29540000	0	0
29550000	0	0
29560000	0	0
29570000	0	0
29580000	0	1
29590000	0	0
29600000	1	2
29610000	0	1
29620000	0	2
29630000	0	0
29640000	0	0
29650000	0	0
29660000	0	0
29670000	0	0
29680000	0	0
29690000	0	0
29700000	0	0
29710000	0	3
29720000	1	2
29730000	0	0
29740000	0	1
29750000	0	1
29760000	0	2
29770000	0	0
29780000	0	0
29790000	0	8
29800000	0	0
29810000	0	0
29820000	1	1
29830000	0	0
29840000	0	1
29850000	0	3
29860000	0	0
29870000	1	0
29880000	0	0
29890000	0	1
29900000	0	0
29910000	0	2
29920000	0	0
29930000	0	0
29940000	0	1
29950000	0	0
29960000	0	0
29970000	0	0
29980000	0	0
29990000	0	1
30000000	0	0
30010000	0	2
30020000	0	3
30030000	0	1
30040000	0	1
30050000	0	1
30060000	1	5
30070000	0	0
30080000	0	0
30090000	0	1
30100000	0	1
30110000	0	3
30120000	0	0
30130000	0	2
30140000	1	2
30150000	0	1
30160000	0	1
30170000	0	0
30180000	0	1
30190000	0	0
30200000	0	0
30210000	1	1
30220000	0	0
30230000	0	0
30240000	0	0
30250000	0	2
30260000	0	6
30270000	0	16
30280000	0	15
30290000	0	25
30300000	0	23
30310000	0	28
30320000	0	33
30330000	0	31
30340000	1	33
30350000	0	25
30360000	0	31
30370000	0	30
30380000	0	33
30390000	0	28
30400000	0	20
30410000	0	20
30420000	0	15
30430000	0	24
