position	numhm	numht
50000	2	21
100000	3	36
150000	5	27
200000	4	31
250000	17	34
300000	2	29
350000	5	26
400000	7	41
450000	8	46
500000	1	13
550000	0	0
600000	0	0
650000	0	0
700000	1	0
750000	0	1
800000	0	0
850000	0	0
900000	0	0
950000	0	0
1000000	0	0
1050000	0	1
1100000	1	4
1150000	8	32
1200000	6	27
1250000	3	38
1300000	1	17
1350000	0	5
1400000	2	25
1450000	0	11
1500000	7	27
1550000	9	57
1600000	1	22
1650000	5	20
1700000	2	45
1750000	1	9
1800000	1	18
1850000	2	12
1900000	0	23
1950000	1	22
2000000	1	22
2050000	2	8
2100000	0	1
2150000	0	0
2200000	1	6
2250000	12	66
2300000	5	37
2350000	0	29
2400000	1	3
2450000	0	3
2500000	4	24
2550000	1	15
2600000	4	36
2650000	2	30
2700000	1	18
2750000	4	18
2800000	0	7
2850000	0	20
2900000	1	14
2950000	5	21
3000000	4	69
3050000	0	14
3100000	3	13
3150000	4	25
3200000	5	43
3250000	1	21
3300000	3	27
3350000	2	34
3400000	8	39
3450000	3	9
3500000	2	27
3550000	3	42
3600000	3	41
3650000	3	20
3700000	5	29
3750000	7	48
3800000	2	28
3850000	1	6
3900000	11	40
3950000	4	39
4000000	3	30
4050000	5	64
4100000	7	82
4150000	3	37
4200000	1	11
4250000	0	21
4300000	5	30
4350000	4	19
4400000	1	16
4450000	0	20
4500000	1	8
4550000	0	27
4600000	4	59
4650000	2	24
4700000	0	7
4750000	2	9
4800000	1	9
4850000	0	0
4900000	0	0
4950000	0	1
5000000	0	0
5050000	0	0
5100000	2	14
5150000	7	33
5200000	5	34
5250000	0	12
5300000	3	24
5350000	8	39
5400000	6	85
5450000	4	24
5500000	0	10
5550000	1	16
5600000	3	55
5650000	9	46
5700000	1	16
5750000	0	15
5800000	0	20
5850000	0	16
5900000	9	45
5950000	0	6
6000000	2	5
6050000	2	21
6100000	6	23
6150000	1	24
6200000	1	23
6250000	1	9
6300000	6	33
6350000	7	73
6400000	6	54
6450000	2	27
6500000	0	5
6550000	5	49
6600000	2	57
6650000	2	27
6700000	2	29
6750000	6	33
6800000	0	62
6850000	5	37
6900000	5	18
6950000	2	21
7000000	6	74
7050000	15	97
7100000	6	48
7150000	4	48
7200000	9	103
7250000	2	27
7300000	0	34
7350000	3	22
7400000	1	20
7450000	7	58
7500000	6	40
7550000	5	46
7600000	11	66
7650000	13	82
7700000	2	24
7750000	5	49
7800000	5	35
7850000	6	47
7900000	4	29
7950000	5	94
8000000	3	16
8050000	1	12
8100000	1	15
8150000	1	12
8200000	1	30
8250000	2	33
8300000	1	21
8350000	5	67
8400000	5	20
8450000	3	35
8500000	2	48
8550000	10	70
8600000	2	44
8650000	5	16
8700000	0	36
8750000	0	17
8800000	5	19
8850000	3	33
8900000	2	68
8950000	1	34
9000000	5	43
9050000	0	29
9100000	4	38
9150000	4	48
9200000	4	26
9250000	6	21
9300000	2	17
9350000	2	25
9400000	3	41
9450000	0	9
9500000	0	0
9550000	2	32
9600000	1	23
9650000	2	29
9700000	3	18
9750000	2	24
9800000	0	9
9850000	1	14
9900000	2	21
9950000	3	21
10000000	3	32
10050000	13	71
10100000	2	24
10150000	6	56
10200000	4	44
10250000	8	42
10300000	6	123
10350000	6	96
10400000	2	38
10450000	0	0
10500000	0	1
10550000	0	1
10600000	0	1
10650000	0	0
10700000	0	0
10750000	0	0
10800000	0	3
10850000	0	0
10900000	0	3
10950000	0	3
11000000	1	38
11050000	0	2
11100000	2	24
11150000	5	59
11200000	0	47
11250000	5	74
11300000	4	35
11350000	6	55
11400000	8	125
11450000	4	75
11500000	4	67
11550000	17	72
11600000	6	48
11650000	3	34
11700000	7	69
11750000	4	66
11800000	1	9
11850000	1	28
11900000	4	45
11950000	4	79
12000000	12	103
12050000	2	55
12100000	9	137
12150000	6	124
12200000	11	99
12250000	4	59
12300000	5	39
12350000	4	128
12400000	2	45
12450000	2	99
12500000	0	15
12550000	1	32
12600000	1	31
12650000	1	32
12700000	3	18
12750000	6	102
12800000	2	55
12850000	2	87
12900000	1	35
12950000	4	63
13000000	2	49
13050000	1	80
13100000	4	43
13150000	8	69
13200000	7	62
13250000	7	63
13300000	4	58
13350000	0	63
13400000	5	50
13450000	2	143
13500000	8	144
13550000	2	73
13600000	8	96
13650000	4	145
13700000	8	60
13750000	8	90
13800000	7	62
13850000	4	28
13900000	8	78
13950000	6	72
14000000	18	132
14050000	5	42
14100000	2	66
14150000	2	61
14200000	3	22
14250000	0	2
14300000	6	87
14350000	13	61
14400000	9	52
14450000	7	39
14500000	13	48
14550000	2	107
14600000	6	46
14650000	4	72
14700000	9	108
14750000	5	61
14800000	11	61
14850000	13	95
14900000	7	36
14950000	6	44
15000000	13	76
15050000	7	24
15100000	1	22
15150000	5	80
15200000	7	78
15250000	3	40
15300000	3	22
15350000	11	83
15400000	3	37
15450000	0	1
15500000	1	4
15550000	1	15
15600000	5	39
15650000	3	38
15700000	3	78
15750000	5	23
15800000	12	51
15850000	3	53
15900000	5	63
15950000	16	62
16000000	5	20
16050000	9	64
16100000	3	49
16150000	2	20
16200000	3	20
16250000	6	55
16300000	7	63
16350000	8	94
16400000	16	65
16450000	16	59
16500000	16	53
16550000	5	95
16600000	6	51
16650000	4	58
16700000	5	27
16750000	5	20
16800000	7	61
16850000	8	85
16900000	10	73
16950000	6	40
17000000	11	40
17050000	5	79
17100000	8	35
17150000	4	32
17200000	14	40
17250000	8	43
17300000	13	48
17350000	1	13
17400000	2	10
17450000	1	7
17500000	1	9
17550000	0	5
17600000	0	8
17650000	3	8
17700000	1	5
17750000	0	0
17800000	1	6
17850000	10	38
17900000	12	49
17950000	6	72
18000000	7	36
18050000	6	71
18100000	1	15
18150000	11	52
18200000	8	61
18250000	10	50
18300000	2	19
18350000	6	23
18400000	1	0
18450000	5	15
18500000	14	78
18550000	27	52
18600000	9	41
18650000	12	82
18700000	15	64
18750000	20	116
18800000	22	46
18850000	7	54
18900000	17	139
18950000	15	113
19000000	11	77
19050000	15	47
19100000	3	9
19150000	12	47
19200000	14	120
19250000	28	125
19300000	17	133
19350000	11	82
19400000	27	107
19450000	36	127
19500000	22	116
19550000	13	110
19600000	23	79
19650000	11	80
19700000	10	41
19750000	22	62
19800000	26	95
19850000	20	58
19900000	19	76
19950000	14	64
20000000	28	102
20050000	22	88
20100000	32	60
20150000	16	67
20200000	22	77
20250000	19	62
20300000	12	34
20350000	22	64
20400000	17	66
20450000	8	38
20500000	17	100
20550000	11	59
20600000	20	42
20650000	13	78
20700000	15	66
20750000	5	27
20800000	30	78
20850000	15	69
20900000	31	117
20950000	22	63
21000000	16	39
21050000	4	40
21100000	14	79
21150000	7	37
21200000	16	59
21250000	15	65
21300000	20	128
21350000	11	57
21400000	29	129
21450000	21	45
21500000	18	68
21550000	27	102
21600000	16	88
21650000	5	16
21700000	14	52
21750000	17	34
21800000	5	18
21850000	15	55
21900000	18	47
21950000	6	23
22000000	20	59
22050000	13	31
22100000	12	27
22150000	24	34
22200000	8	38
22250000	6	27
22300000	13	40
22350000	9	20
22400000	7	24
22450000	18	64
22500000	16	72
22550000	8	41
22600000	36	64
22650000	29	110
22700000	44	128
22750000	5	3
22800000	6	15
22850000	22	84
22900000	25	52
22950000	17	53
23000000	1	4
23050000	9	18
23100000	5	35
23150000	11	20
23200000	6	26
23250000	2	9
23300000	3	6
23350000	21	38
23400000	2	17
23450000	8	30
23500000	12	19
23550000	1	3
23600000	13	25
23650000	12	42
23700000	4	7
23750000	0	8
23800000	0	5
23850000	13	32
23900000	12	17
23950000	4	24
24000000	6	41
24050000	11	38
24100000	21	43
24150000	11	32
24200000	14	39
24250000	7	14
24300000	5	10
24350000	15	42
24400000	5	19
24450000	5	24
24500000	9	23
24550000	8	24
24600000	5	25
24650000	2	18
24700000	5	20
24750000	9	19
24800000	8	25
24850000	13	57
24900000	16	50
24950000	12	26
25000000	2	5
25050000	15	38
25100000	8	36
25150000	8	12
25200000	9	14
25250000	7	25
25300000	7	25
25350000	8	29
25400000	14	52
25450000	6	17
25500000	16	45
25550000	10	23
25600000	9	16
25650000	11	37
25700000	4	13
25750000	8	32
25800000	8	11
25850000	9	23
25900000	9	29
25950000	10	35
26000000	18	31
26050000	13	29
26100000	6	15
26150000	19	38
26200000	13	50
26250000	2	9
26300000	1	2
26350000	10	35
26400000	8	59
26450000	11	63
26500000	8	35
26550000	17	50
26600000	16	62
26650000	6	20
26700000	7	26
26750000	4	28
26800000	6	48
26850000	3	36
26900000	6	62
26950000	3	49
27000000	2	35
27050000	5	46
27100000	3	20
27150000	10	64
27200000	4	83
27250000	8	60
27300000	1	50
27350000	2	31
27400000	2	40
27450000	2	41
27500000	8	46
27550000	2	39
27600000	4	25
27650000	3	34
27700000	8	100
27750000	2	24
27800000	1	19
27850000	4	57
27900000	7	43
27950000	5	39
28000000	3	83
28050000	2	48
28100000	5	52
28150000	3	41
28200000	7	57
28250000	0	80
28300000	6	36
28350000	1	50
28400000	0	24
28450000	2	30
28500000	2	91
28550000	6	97
28600000	2	38
28650000	5	50
28700000	3	94
28750000	3	44
28800000	6	52
28850000	1	56
28900000	0	43
28950000	5	57
29000000	1	105
29050000	2	78
29100000	2	28
29150000	4	38
29200000	5	109
29250000	4	143
29300000	2	71
29350000	1	47
29400000	1	0
29450000	3	79
29500000	1	89
29550000	2	65
29600000	1	70
29650000	4	103
29700000	7	134
29750000	4	74
29800000	2	118
29850000	5	74
29900000	2	86
29950000	6	98
30000000	4	88
30050000	1	73
30100000	2	47
30150000	1	53
30200000	3	122
30250000	3	51
30300000	2	80
30350000	2	117
30400000	1	86
30450000	9	127
30500000	2	77
30550000	1	38
30600000	5	85
30650000	1	97
30700000	1	36
30750000	3	30
30800000	5	111
30850000	1	93
30900000	4	75
30950000	3	70
31000000	1	36
31050000	0	85
31100000	4	68
31150000	2	73
31200000	2	65
31250000	4	66
31300000	2	37
31350000	5	32
31400000	0	11
31450000	4	58
31500000	3	74
31550000	4	89
31600000	4	57
31650000	2	61
31700000	2	41
31750000	7	62
31800000	7	72
31850000	2	38
31900000	0	2
31950000	0	11
32000000	7	55
32050000	1	35
32100000	2	25
32150000	2	27
32200000	1	43
32250000	4	32
32300000	2	61
32350000	1	46
32400000	7	46
32450000	5	54
32500000	1	37
32550000	3	45
32600000	1	38
32650000	3	46
32700000	0	20
32750000	2	11
32800000	1	37
32850000	4	43
32900000	4	27
32950000	0	1
33000000	0	5
33050000	2	21
33100000	0	24
33150000	0	6
33200000	4	42
33250000	5	92
33300000	0	5
33350000	3	15
33400000	0	14
33450000	1	27
33500000	1	4
33550000	0	8
33600000	1	12
33650000	3	42
33700000	4	26
33750000	3	16
33800000	5	41
33850000	1	24
33900000	2	62
33950000	2	29
34000000	3	19
34050000	3	15
34100000	10	101
34150000	7	24
34200000	0	10
34250000	3	8
34300000	1	22
34350000	0	16
34400000	2	22
34450000	2	31
34500000	1	7
34550000	0	0
34600000	0	1
34650000	2	15
34700000	4	38
34750000	1	45
34800000	1	14
34850000	2	16
34900000	0	39
34950000	3	35
35000000	0	48
35050000	1	37
35100000	3	52
35150000	0	24
35200000	1	19
35250000	2	70
35300000	6	52
35350000	0	19
35400000	0	23
35450000	2	26
35500000	0	41
35550000	1	64
35600000	2	45
35650000	1	10
35700000	2	11
35750000	1	11
35800000	5	26
35850000	0	19
35900000	2	11
35950000	2	20
36000000	1	39
36050000	2	33
36100000	2	27
36150000	2	29
36200000	5	14
36250000	2	31
36300000	2	38
36350000	1	4
36400000	0	1
36450000	2	5
36500000	3	14
36550000	10	6
36600000	2	26
36650000	1	16
36700000	1	35
36750000	1	8
36800000	2	12
36850000	1	13
36900000	1	27
36950000	2	33
37000000	0	1
37050000	0	0
37100000	0	1
37150000	0	1
37200000	3	29
37250000	5	20
37300000	2	14
37350000	0	0
37400000	0	0
37450000	0	5
37500000	2	34
37550000	0	31
37600000	1	9
37650000	2	11
37700000	2	18
37750000	5	32
37800000	1	40
37850000	1	23
37900000	3	44
37950000	0	12
38000000	0	17
38050000	1	19
38100000	1	15
38150000	5	13
38200000	0	20
38250000	2	25
38300000	0	28
38350000	0	19
38400000	1	10
38450000	0	0
38500000	0	0
38550000	1	7
38600000	0	0
38650000	0	1
38700000	0	7
38750000	2	21
38800000	1	12
38850000	3	31
38900000	2	25
38950000	5	21
39000000	1	12
39050000	0	15
39100000	5	25
39150000	2	22
39200000	1	13
39250000	1	17
39300000	2	20
39350000	1	11
39400000	1	33
39450000	0	19
39500000	0	8
39550000	1	16
39600000	0	12
39650000	1	15
39700000	1	11
39750000	0	7
39800000	0	0
39850000	0	0
39900000	0	4
39950000	0	0
40000000	1	7
40050000	0	14
40100000	0	0
40150000	0	2
40200000	0	18
40250000	0	9
40300000	1	23
40350000	1	23
40400000	1	38
40450000	0	21
40500000	0	21
40550000	0	6
40600000	0	10
40650000	0	15
40700000	1	15
40750000	2	14
40800000	0	16
40850000	1	11
40900000	4	38
40950000	0	13
41000000	0	11
41050000	0	24
41100000	0	5
41150000	0	13
41200000	0	10
41250000	0	10
41300000	0	12
41350000	3	43
41400000	1	6
41450000	1	9
41500000	1	12
41550000	1	25
41600000	0	8
41650000	0	19
41700000	1	3
41750000	1	15
41800000	0	6
41850000	0	0
41900000	0	14
41950000	1	24
42000000	1	11
42050000	2	30
42100000	1	7
42150000	1	8
42200000	0	9
42250000	1	3
42300000	1	13
42350000	0	36
42400000	2	16
42450000	0	14
42500000	0	25
42550000	2	5
42600000	0	2
42650000	0	3
42700000	0	14
42750000	1	10
42800000	0	10
42850000	1	9
42900000	0	1
42950000	0	11
43000000	0	5
43050000	1	22
43100000	0	26
43150000	0	4
43200000	0	0
43250000	0	1
43300000	0	0
43350000	1	3
43400000	2	21
43450000	1	1
43500000	2	14
43550000	3	10
43600000	0	26
43650000	1	4
43700000	2	19
43750000	4	27
43800000	2	25
43850000	4	24
43900000	2	31
43950000	7	18
44000000	1	16
44050000	1	17
44100000	0	3
44150000	2	6
44200000	2	17
44250000	3	27
44300000	2	21
44350000	6	19
44400000	4	24
44450000	0	17
44500000	5	26
44550000	0	8
44600000	0	18
44650000	5	27
44700000	1	25
44750000	1	10
44800000	3	28
44850000	1	14
44900000	4	43
44950000	2	33
45000000	3	15
45050000	1	23
45100000	3	19
45150000	3	31
45200000	4	25
45250000	2	34
45300000	6	44
45350000	2	34
45400000	2	28
45450000	7	26
45500000	3	27
45550000	5	21
45600000	2	11
45650000	1	23
45700000	8	40
45750000	2	14
45800000	5	32
45850000	3	52
45900000	2	23
45950000	0	25
46000000	2	20
46050000	0	8
46100000	3	18
46150000	3	18
46200000	2	17
46250000	8	78
46300000	1	10
46350000	4	19
46400000	2	19
46450000	2	28
46500000	2	11
46550000	4	35
46600000	8	22
46650000	7	90
46700000	2	24
46750000	2	15
46800000	1	14
46850000	3	28
46900000	3	25
46950000	0	28
47000000	3	42
47050000	5	45
47100000	8	37
47150000	1	16
47200000	0	25
47250000	3	6
47300000	2	20
47350000	2	21
47400000	2	7
47450000	1	16
47500000	1	15
47550000	2	15
47600000	0	21
47650000	0	4
47700000	6	32
47750000	3	63
47800000	2	9
47850000	8	22
47900000	9	38
47950000	2	18
48000000	5	65
48050000	1	24
48100000	3	24
48150000	1	28
48200000	4	28
48250000	7	126
48300000	6	53
48350000	1	47
48400000	2	34
48450000	0	13
48500000	0	14
48550000	1	5
48600000	1	27
48650000	0	14
48700000	3	28
48750000	1	49
48800000	6	55
48850000	2	21
48900000	3	32
48950000	11	40
49000000	5	62
49050000	2	10
49100000	1	11
49150000	0	12
49200000	1	23
49250000	4	47
49300000	3	30
49350000	7	21
49400000	1	21
49450000	1	25
49500000	3	0
49550000	1	40
49600000	2	24
49650000	8	40
49700000	8	25
49750000	0	13
49800000	0	24
49850000	1	26
49900000	1	19
49950000	0	1
50000000	0	0
50050000	0	0
50100000	0	1
50150000	0	1
50200000	0	0
50250000	1	15
50300000	1	4
50350000	5	33
50400000	5	40
50450000	6	51
50500000	3	14
50550000	4	27
50600000	0	7
50650000	1	27
50700000	3	32
50750000	6	40
50800000	2	25
50850000	0	28
50900000	1	27
50950000	0	22
51000000	3	24
51050000	0	11
51100000	6	22
51150000	3	25
51200000	0	26
51250000	1	19
51300000	1	26
51350000	1	26
51400000	2	22
51450000	5	49
51500000	5	57
51550000	1	31
51600000	6	31
51650000	1	27
51700000	6	73
51750000	4	53
51800000	0	14
51850000	7	26
51900000	2	20
51950000	4	27
52000000	2	20
52050000	1	32
52100000	3	39
52150000	4	30
52200000	6	63
52250000	6	38
52300000	6	37
52350000	1	39
52400000	0	43
52450000	4	67
52500000	1	36
52550000	3	35
52600000	3	30
52650000	11	44
52700000	3	27
52750000	1	37
52800000	6	77
52850000	3	82
52900000	1	92
52950000	6	37
53000000	4	48
53050000	7	21
53100000	7	57
53150000	3	53
53200000	1	46
53250000	2	24
53300000	3	52
53350000	6	168
53400000	4	38
53450000	3	28
53500000	3	85
53550000	4	57
53600000	3	76
53650000	4	57
53700000	4	41
53750000	1	41
53800000	3	37
53850000	2	25
53900000	5	54
53950000	5	29
54000000	2	34
54050000	2	50
54100000	3	37
54150000	7	46
54200000	8	66
54250000	7	51
54300000	8	55
54350000	1	68
54400000	7	112
54450000	0	22
54500000	12	88
54550000	5	67
54600000	1	26
54650000	4	40
54700000	7	124
54750000	3	82
54800000	4	62
54850000	7	98
54900000	7	43
54950000	3	113
55000000	6	65
55050000	5	71
55100000	11	81
55150000	2	149
55200000	4	75
55250000	8	92
55300000	7	139
55350000	7	81
55400000	6	104
55450000	3	66
55500000	5	46
55550000	4	93
55600000	0	44
55650000	4	60
55700000	8	85
55750000	11	84
55800000	3	85
55850000	9	85
55900000	4	102
55950000	6	61
56000000	4	43
56050000	14	47
56100000	12	57
56150000	4	33
56200000	3	93
56250000	4	46
56300000	7	93
56350000	6	151
56400000	5	67
56450000	4	21
56500000	3	32
56550000	11	79
56600000	15	152
56650000	4	60
56700000	5	80
56750000	3	49
56800000	1	84
56850000	10	92
56900000	6	53
56950000	5	122
57000000	6	135
57050000	7	132
57100000	1	61
57150000	6	105
57200000	3	78
57250000	7	107
57300000	2	30
57350000	1	32
57400000	5	70
57450000	12	70
57500000	6	59
57550000	6	45
57600000	0	4
57650000	2	20
57700000	0	2
57750000	0	1
57800000	11	85
57850000	2	43
57900000	4	63
57950000	4	80
58000000	7	63
58050000	4	90
58100000	2	89
58150000	7	53
58200000	5	45
58250000	1	41
58300000	5	65
58350000	1	50
58400000	7	53
58450000	2	56
58500000	8	65
58550000	3	57
58600000	1	52
58650000	2	65
58700000	2	22
58750000	3	33
58800000	3	42
58850000	1	47
58900000	2	84
58950000	6	64
59000000	2	64
59050000	0	32
59100000	6	69
59150000	4	37
59200000	2	25
59250000	2	24
59300000	4	27
59350000	1	12
59400000	2	32
59450000	0	14
59500000	5	40
59550000	2	42
59600000	3	52
59650000	3	43
59700000	1	41
59750000	1	23
59800000	3	51
59850000	3	62
59900000	3	20
59950000	4	35
60000000	6	47
60050000	0	26
60100000	1	29
60150000	4	48
60200000	5	50
60250000	1	21
60300000	1	18
60350000	4	49
60400000	4	30
60450000	0	30
60500000	4	39
60550000	4	42
60600000	1	21
60650000	1	25
60700000	4	24
60750000	0	22
60800000	0	20
60850000	0	21
60900000	0	9
60950000	0	0
61000000	1	11
61050000	0	20
61100000	0	23
61150000	1	19
61200000	3	30
61250000	3	36
61300000	4	44
61350000	1	26
61400000	0	27
61450000	1	28
61500000	3	46
61550000	1	11
61600000	1	14
61650000	3	56
61700000	1	46
61750000	1	12
61800000	1	16
61850000	1	21
61900000	0	14
61950000	0	12
62000000	5	36
62050000	0	24
62100000	1	23
62150000	2	50
62200000	1	18
62250000	3	37
62300000	2	28
62350000	2	23
62400000	0	5
62450000	1	20
62500000	0	14
62550000	1	8
62600000	0	15
62650000	3	19
62700000	2	25
62750000	1	16
62800000	2	8
62850000	0	6
62900000	0	2
62950000	1	0
63000000	0	0
63050000	0	1
63100000	0	2
63150000	0	1
63200000	0	10
63250000	0	24
63300000	1	16
63350000	1	9
63400000	0	21
63450000	2	45
63500000	0	24
63550000	3	34
63600000	1	39
63650000	2	20
63700000	0	15
63750000	0	13
63800000	1	21
63850000	2	21
63900000	0	20
63950000	0	8
64000000	2	19
64050000	6	26
64100000	5	22
64150000	1	20
64200000	3	27
64250000	0	20
64300000	0	1
64350000	0	10
64400000	2	15
64450000	1	17
64500000	2	92
64550000	2	18
64600000	5	27
64650000	1	33
64700000	4	16
64750000	1	16
64800000	3	31
64850000	1	18
64900000	2	28
64950000	3	9
65000000	2	18
65050000	23	50
65100000	2	10
65150000	0	0
65200000	1	1
65250000	0	0
65300000	0	0
65350000	0	0
65400000	0	1
65450000	1	0
65500000	31	71
65550000	32	32
65600000	29	41
65650000	0	0
65700000	0	3
65750000	12	22
65800000	16	19
65850000	37	64
65900000	36	35
65950000	0	4
66000000	0	2
66050000	0	0
66100000	3	8
66150000	11	13
66200000	2	1
66250000	0	5
66300000	1	1
66350000	2	1
66400000	0	18
66450000	3	6
66500000	0	12
66550000	0	7
66600000	0	8
66650000	0	4
66700000	0	6
66750000	1	3
66800000	0	8
66850000	0	1
66900000	0	2
66950000	0	0
67000000	0	0
67050000	0	0
67100000	0	0
67150000	1	8
67200000	0	1
67250000	1	7
67300000	0	5
67350000	20	13
67400000	26	26
67450000	27	34
67500000	42	51
67550000	48	38
67600000	51	33
67650000	74	69
67700000	58	39
67750000	76	49
67800000	60	64
67850000	49	51
67900000	51	14
67950000	85	83
68000000	61	37
68050000	63	111
68100000	51	117
68150000	55	63
68200000	43	26
68250000	6	2
68300000	15	10
68350000	83	101
68400000	27	13
68450000	113	128
68500000	39	22
68550000	42	19
68600000	82	57
68650000	34	48
68700000	41	43
68750000	38	21
68800000	15	4
68850000	72	15
68900000	47	15
68950000	46	19
69000000	51	21
69050000	6	1
69100000	23	13
69150000	97	16
69200000	76	10
69250000	24	21
69300000	34	13
69350000	22	12
69400000	0	2
69450000	0	0
69500000	0	4
69550000	44	4
69600000	55	15
69650000	30	2
69700000	65	10
69750000	50	5
69800000	57	15
69850000	2	0
69900000	1	0
69950000	2	0
70000000	0	0
70050000	66	6
70100000	91	10
70150000	55	3
70200000	36	1
70250000	100	5
70300000	114	6
70350000	74	4
70400000	79	5
70450000	66	10
70500000	134	2
70550000	65	5
70600000	59	10
70650000	68	6
70700000	122	3
70750000	47	16
70800000	32	2
70850000	42	2
70900000	83	11
70950000	79	10
71000000	37	0
71050000	65	5
71100000	43	2
71150000	60	4
71200000	72	10
71250000	96	23
71300000	96	11
71350000	59	14
71400000	53	0
71450000	41	2
71500000	68	7
71550000	26	1
71600000	56	2
71650000	57	1
71700000	36	3
71750000	71	5
71800000	93	16
71850000	19	11
71900000	2	0
71950000	48	4
72000000	75	2
72050000	69	0
72100000	31	2
72150000	79	1
72200000	31	1
72250000	35	2
72300000	39	3
72350000	96	11
72400000	49	4
72450000	33	5
72500000	34	0
72550000	52	1
72600000	99	7
72650000	115	37
72700000	37	29
72750000	32	0
72800000	36	5
72850000	21	2
72900000	64	6
72950000	29	4
73000000	40	3
73050000	52	4
73100000	49	7
73150000	38	0
73200000	21	0
73250000	62	9
73300000	41	5
73350000	45	3
73400000	43	4
73450000	46	6
73500000	37	10
73550000	47	9
73600000	24	0
73650000	55	12
73700000	91	24
73750000	87	16
73800000	39	2
73850000	57	14
73900000	47	3
73950000	43	16
74000000	43	18
74050000	83	32
74100000	65	21
74150000	3	5
74200000	16	7
74250000	23	14
74300000	26	9
74350000	27	10
74400000	40	24
74450000	6	11
74500000	28	16
74550000	59	34
74600000	38	8
74650000	48	27
74700000	41	17
74750000	39	43
74800000	35	19
74850000	32	24
74900000	17	11
74950000	14	14
75000000	5	2
75050000	90	57
75100000	9	4
75150000	19	16
75200000	69	51
75250000	68	33
75300000	17	11
75350000	19	13
75400000	3	3
75450000	3	5
75500000	7	8
75550000	4	8
75600000	12	14
75650000	16	13
75700000	33	26
75750000	15	19
75800000	13	14
75850000	19	9
75900000	24	31
75950000	6	20
76000000	15	10
76050000	2	0
76100000	1	1
76150000	0	0
76200000	0	0
76250000	0	0
76300000	1	3
76350000	0	0
76400000	1	0
76450000	32	34
76500000	11	15
76550000	25	8
76600000	0	0
76650000	0	0
76700000	0	0
76750000	0	1
76800000	0	1
76850000	0	0
76900000	0	0
76950000	1	0
77000000	0	0
77050000	0	1
77100000	1	0
77150000	0	1
77200000	4	0
77250000	4	5
77300000	19	14
77350000	5	8
77400000	8	14
77450000	19	12
77500000	12	12
77550000	8	14
77600000	7	19
77650000	14	21
77700000	7	11
77750000	13	12
77800000	13	27
77850000	14	22
77900000	11	11
77950000	7	8
78000000	0	1
78050000	0	1
78100000	0	3
78150000	1	1
78200000	0	0
78250000	0	4
78300000	0	1
78350000	1	1
78400000	1	1
78450000	3	2
78500000	8	3
78550000	3	3
78600000	22	31
78650000	0	0
78700000	2	1
78750000	35	38
78800000	19	42
78850000	19	19
78900000	15	31
78950000	22	47
79000000	4	6
79050000	19	27
79100000	29	56
79150000	10	27
79200000	20	39
79250000	8	12
79300000	4	6
79350000	10	16
79400000	5	13
79450000	16	23
79500000	8	8
79550000	17	44
79600000	37	98
79650000	17	40
79700000	4	7
79750000	9	41
79800000	10	41
79850000	16	30
79900000	6	6
79950000	8	10
80000000	0	1
80050000	5	9
80100000	16	44
80150000	18	52
80200000	9	16
80250000	0	2
80300000	0	0
80350000	1	4
80400000	10	34
80450000	6	11
80500000	2	7
80550000	9	26
80600000	19	50
80650000	2	42
80700000	10	54
80750000	4	20
80800000	11	33
80850000	3	15
80900000	8	15
80950000	7	48
81000000	8	26
81050000	10	41
81100000	0	14
81150000	2	38
81200000	6	40
81250000	3	32
81300000	1	16
81350000	3	27
81400000	2	10
81450000	2	17
81500000	3	50
81550000	6	59
81600000	3	39
81650000	4	34
81700000	1	45
81750000	1	35
81800000	3	11
81850000	3	54
81900000	4	63
81950000	1	23
82000000	1	14
82050000	1	38
82100000	4	31
82150000	1	29
82200000	0	28
82250000	2	18
82300000	0	1
82350000	2	40
82400000	4	29
82450000	5	23
82500000	1	24
82550000	4	20
82600000	1	13
82650000	0	24
82700000	0	15
82750000	2	12
82800000	5	61
82850000	0	0
82900000	0	0
82950000	0	0
83000000	0	9
83050000	4	28
83100000	0	27
83150000	4	33
83200000	2	35
83250000	0	20
83300000	1	26
83350000	1	17
83400000	1	46
83450000	0	15
83500000	1	4
83550000	1	26
83600000	1	2
83650000	0	5
83700000	0	11
83750000	1	21
83800000	0	3
83850000	1	6
83900000	1	11
83950000	0	9
84000000	0	4
84050000	2	23
84100000	1	23
84150000	2	36
84200000	0	11
84250000	2	21
84300000	2	53
84350000	3	13
84400000	0	27
84450000	5	21
84500000	0	28
84550000	1	68
84600000	0	7
84650000	6	50
84700000	3	21
84750000	1	36
84800000	1	15
84850000	0	1
84900000	0	0
84950000	0	43
85000000	2	29
85050000	4	23
85100000	4	36
85150000	1	13
85200000	2	19
85250000	0	24
85300000	1	21
85350000	4	20
85400000	0	11
85450000	1	12
85500000	0	15
85550000	1	11
85600000	1	11
85650000	0	0
85700000	0	1
85750000	0	1
85800000	0	1
85850000	1	25
85900000	3	32
85950000	5	34
86000000	1	55
86050000	3	32
86100000	6	8
86150000	0	4
86200000	1	17
86250000	1	18
86300000	3	18
86350000	9	80
86400000	0	37
86450000	1	15
86500000	5	19
86550000	5	45
86600000	3	49
86650000	0	19
86700000	2	31
86750000	0	51
86800000	0	26
86850000	1	15
86900000	5	27
86950000	4	22
87000000	2	13
87050000	8	32
87100000	8	37
87150000	4	21
87200000	3	22
87250000	3	27
87300000	4	52
87350000	2	49
87400000	0	26
87450000	2	15
87500000	3	18
87550000	12	103
87600000	1	65
87650000	6	30
87700000	24	186
87750000	0	34
87800000	4	33
87850000	5	35
87900000	1	16
87950000	1	7
88000000	7	50
88050000	1	32
88100000	2	42
88150000	11	72
88200000	1	43
88250000	1	15
88300000	1	37
88350000	1	49
88400000	1	52
88450000	1	46
88500000	1	55
88550000	2	43
88600000	1	24
88650000	3	40
88700000	3	64
88750000	4	28
88800000	5	42
88850000	10	59
88900000	3	49
88950000	0	22
89000000	0	33
89050000	4	51
89100000	0	38
89150000	0	18
89200000	10	42
89250000	3	86
89300000	2	28
89350000	2	31
89400000	1	44
89450000	1	33
89500000	1	11
89550000	0	6
89600000	0	26
89650000	8	19
89700000	2	27
89750000	8	99
89800000	7	54
89850000	3	16
89900000	4	22
89950000	3	27
90000000	2	39
90050000	4	27
90100000	3	46
90150000	3	62
90200000	0	39
90250000	5	53
90300000	1	46
90350000	0	26
90400000	6	58
90450000	3	60
90500000	5	68
90550000	3	87
90600000	13	158
90650000	7	53
90700000	10	73
90750000	5	53
90800000	3	11
90850000	5	49
90900000	2	45
90950000	3	91
91000000	4	70
91050000	4	99
91100000	7	98
91150000	5	77
91200000	4	82
91250000	8	113
91300000	2	75
91350000	2	53
91400000	1	42
91450000	4	63
91500000	5	80
91550000	9	183
91600000	6	109
91650000	3	82
91700000	3	47
91750000	2	64
91800000	7	71
91850000	12	80
91900000	6	100
91950000	13	99
92000000	1	25
92050000	4	74
92100000	4	88
92150000	4	68
92200000	1	44
92250000	9	38
92300000	6	54
92350000	0	54
92400000	5	62
92450000	3	45
92500000	1	34
92550000	5	13
92600000	0	27
92650000	5	37
92700000	0	9
92750000	7	50
92800000	7	96
92850000	9	45
92900000	6	99
92950000	3	52
93000000	5	35
93050000	1	3
93100000	0	13
93150000	0	13
93200000	0	0
93250000	0	22
93300000	0	37
93350000	4	31
93400000	4	40
93450000	3	47
93500000	0	2
93550000	1	10
93600000	12	48
93650000	2	39
93700000	15	93
93750000	0	44
93800000	7	58
93850000	1	82
93900000	9	69
93950000	3	63
94000000	3	48
94050000	3	75
94100000	4	60
94150000	0	49
94200000	2	38
94250000	3	50
94300000	4	90
94350000	1	45
94400000	1	44
94450000	3	135
94500000	0	28
94550000	1	47
94600000	4	30
94650000	4	66
94700000	3	70
94750000	2	50
94800000	7	46
94850000	3	45
94900000	2	53
94950000	6	93
95000000	4	35
95050000	5	82
95100000	2	21
95150000	5	54
95200000	13	49
95250000	1	26
95300000	2	37
95350000	0	25
95400000	2	34
95450000	1	25
95500000	5	69
95550000	3	68
95600000	4	29
95650000	7	49
95700000	3	29
95750000	3	51
95800000	2	30
95850000	2	42
95900000	11	43
95950000	0	50
96000000	6	48
96050000	4	58
96100000	12	65
96150000	9	89
96200000	4	84
96250000	5	75
96300000	8	66
96350000	6	97
96400000	1	25
96450000	1	15
96500000	0	84
96550000	4	26
96600000	4	46
96650000	2	70
96700000	10	67
96750000	1	35
96800000	1	36
96850000	6	67
96900000	2	80
96950000	4	64
97000000	4	44
97050000	7	42
97100000	3	46
97150000	0	3
97200000	1	4
97250000	0	2
97300000	0	0
97350000	2	22
97400000	9	57
97450000	1	50
97500000	6	39
97550000	1	47
97600000	5	44
97650000	3	53
97700000	3	34
97750000	3	35
97800000	0	20
97850000	2	16
97900000	2	65
97950000	1	8
98000000	2	16
98050000	1	20
98100000	4	50
98150000	9	72
98200000	4	34
98250000	2	37
98300000	1	24
98350000	4	60
98400000	1	51
98450000	5	106
98500000	3	13
98550000	2	38
98600000	1	14
98650000	4	21
98700000	0	22
98750000	0	24
98800000	4	69
98850000	4	31
98900000	6	71
98950000	1	34
99000000	2	12
99050000	5	26
99100000	3	18
99150000	3	32
99200000	4	13
99250000	1	23
99300000	0	10
99350000	2	3
99400000	2	26
99450000	4	20
99500000	2	63
99550000	1	32
99600000	1	40
99650000	2	33
99700000	3	32
99750000	2	28
99800000	1	15
99850000	1	17
99900000	4	41
99950000	10	74
100000000	12	92
100050000	2	35
100100000	6	30
100150000	1	16
100200000	3	20
100250000	1	37
100300000	1	41
100350000	1	27
100400000	6	67
100450000	5	34
100500000	6	35
100550000	5	37
100600000	3	52
100650000	3	35
100700000	2	51
100750000	5	37
100800000	1	40
100850000	3	29
100900000	2	12
100950000	0	11
101000000	0	14
101050000	0	16
101100000	1	10
101150000	4	52
101200000	0	5
101250000	2	14
101300000	3	43
101350000	0	26
101400000	5	18
101450000	2	15
101500000	1	29
101550000	0	10
101600000	0	1
101650000	0	23
101700000	5	18
101750000	0	17
101800000	4	14
101850000	2	17
101900000	0	13
101950000	2	28
102000000	2	4
102050000	4	54
102100000	3	9
102150000	2	16
102200000	4	38
102250000	2	34
102300000	4	26
102350000	1	32
102400000	2	34
102450000	1	31
102500000	5	18
102550000	0	16
102600000	0	33
102650000	4	11
102700000	1	28
102750000	1	32
102800000	2	12
102850000	0	11
102900000	0	9
102950000	1	15
103000000	2	23
103050000	0	1
103100000	0	19
103150000	2	28
103200000	2	14
103250000	2	18
103300000	4	25
103350000	1	26
103400000	0	41
103450000	2	51
103500000	2	29
103550000	0	30
103600000	4	75
103650000	0	0
103700000	0	19
103750000	3	35
103800000	2	33
103850000	2	17
103900000	0	13
103950000	1	15
104000000	0	20
104050000	3	19
104100000	2	43
104150000	3	22
104200000	3	23
104250000	0	38
104300000	1	23
104350000	1	21
104400000	7	53
104450000	2	24
104500000	2	12
104550000	3	29
104600000	5	24
104650000	0	8
104700000	0	0
104750000	0	3
104800000	5	56
104850000	5	32
104900000	5	23
104950000	0	7
105000000	1	22
105050000	1	14
105100000	0	3
105150000	1	2
105200000	1	10
105250000	0	19
105300000	0	0
105350000	0	0
105400000	0	0
105450000	7	0
105500000	1	0
