position	numhm	numht
10000	3	5
20000	5	5
30000	0	2
40000	2	0
50000	0	0
60000	0	0
70000	0	1
80000	1	0
90000	0	0
100000	0	0
110000	0	1
120000	0	0
130000	0	0
140000	1	0
150000	2	0
160000	0	1
170000	5	1
180000	1	0
190000	0	1
200000	0	0
210000	3	6
220000	0	0
230000	22	39
240000	20	40
250000	16	9
260000	1	0
270000	0	0
280000	0	1
290000	3	3
300000	10	5
310000	6	1
320000	0	0
330000	0	0
340000	4	0
350000	1	0
360000	0	0
370000	4	2
380000	5	0
390000	12	11
400000	13	2
410000	11	3
420000	11	71
430000	1	9
440000	3	4
450000	6	3
460000	1	3
470000	3	2
480000	2	2
490000	3	0
500000	5	3
510000	4	2
520000	2	4
530000	9	1
540000	2	3
550000	6	3
560000	4	5
570000	10	6
580000	0	0
590000	7	3
600000	4	4
610000	12	5
620000	5	1
630000	9	2
640000	2	1
650000	0	5
660000	6	17
670000	3	3
680000	3	1
690000	2	2
700000	1	7
710000	2	5
720000	4	6
730000	10	9
740000	1	5
750000	3	2
760000	6	2
770000	3	0
780000	4	3
790000	3	0
800000	7	3
810000	6	0
820000	5	0
830000	0	2
840000	1	1
850000	3	0
860000	0	0
870000	0	0
880000	1	1
890000	1	0
900000	4	0
910000	7	1
920000	10	4
930000	10	3
940000	2	0
950000	10	0
960000	0	0
970000	7	0
980000	2	3
990000	0	0
1000000	4	0
1010000	9	6
1020000	11	0
1030000	4	0
1040000	9	0
1050000	4	1
1060000	3	2
1070000	2	7
1080000	7	8
1090000	2	2
1100000	5	0
1110000	0	0
1120000	0	1
1130000	0	2
1140000	0	3
1150000	0	0
1160000	0	0
1170000	0	0
1180000	0	0
1190000	0	2
1200000	3	3
1210000	2	0
1220000	5	4
1230000	7	1
1240000	1	0
1250000	1	1
1260000	3	0
1270000	3	1
1280000	5	0
1290000	8	1
1300000	8	1
1310000	9	4
1320000	9	0
1330000	8	1
1340000	3	0
1350000	4	1
1360000	8	0
1370000	7	4
1380000	5	0
1390000	7	1
1400000	5	2
1410000	6	1
1420000	4	0
1430000	2	2
1440000	2	0
1450000	1	0
1460000	19	0
1470000	5	3
1480000	1	1
1490000	1	0
1500000	2	0
1510000	4	1
1520000	0	0
1530000	0	0
1540000	1	0
1550000	0	0
1560000	0	2
1570000	0	0
1580000	11	0
1590000	8	0
1600000	0	0
1610000	4	3
1620000	0	0
1630000	0	0
1640000	0	0
1650000	0	0
1660000	0	0
1670000	3	2
1680000	0	0
1690000	0	0
1700000	0	0
1710000	0	0
1720000	0	0
1730000	0	0
1740000	0	0
1750000	0	0
1760000	0	0
1770000	0	0
1780000	0	0
1790000	1	0
1800000	0	0
1810000	0	0
1820000	9	1
1830000	5	0
1840000	5	0
1850000	4	0
1860000	5	0
1870000	4	3
1880000	12	1
1890000	5	1
1900000	1	0
1910000	6	0
1920000	3	1
1930000	7	0
1940000	1	0
1950000	4	0
1960000	2	0
1970000	1	0
1980000	12	0
1990000	6	0
2000000	10	1
2010000	5	0
2020000	9	0
2030000	0	1
2040000	4	1
2050000	5	0
2060000	9	0
2070000	17	3
2080000	2	0
2090000	3	0
2100000	10	4
2110000	0	0
2120000	0	0
2130000	0	0
2140000	0	0
2150000	0	0
2160000	0	0
2170000	0	0
2180000	0	0
2190000	1	0
2200000	1	0
2210000	0	0
2220000	1	0
2230000	0	0
2240000	1	0
2250000	0	0
2260000	0	0
2270000	0	0
2280000	0	0
2290000	0	0
2300000	0	0
2310000	0	0
2320000	0	0
2330000	0	0
2340000	0	0
2350000	0	2
2360000	3	1
2370000	2	0
2380000	17	1
2390000	13	0
2400000	2	0
2410000	10	0
2420000	11	3
2430000	3	0
2440000	4	0
2450000	7	0
2460000	13	0
2470000	12	1
2480000	6	0
2490000	7	1
2500000	9	0
2510000	3	0
2520000	6	4
2530000	4	0
2540000	11	0
2550000	6	0
2560000	7	0
2570000	15	0
2580000	7	0
2590000	8	1
2600000	10	0
2610000	10	1
2620000	12	0
2630000	8	0
2640000	19	3
2650000	7	8
2660000	23	0
2670000	14	0
2680000	3	0
2690000	5	2
2700000	3	0
2710000	0	0
2720000	6	0
2730000	2	0
2740000	8	1
2750000	24	0
2760000	9	0
2770000	3	0
2780000	0	0
2790000	8	0
2800000	4	0
2810000	10	0
2820000	13	1
2830000	14	3
2840000	15	0
2850000	15	0
2860000	14	1
2870000	11	0
2880000	16	0
2890000	8	0
2900000	3	0
2910000	2	0
2920000	8	0
2930000	10	5
2940000	3	0
2950000	8	0
2960000	7	0
2970000	3	0
2980000	18	0
2990000	5	0
3000000	7	0
3010000	0	0
3020000	11	1
3030000	12	0
3040000	4	0
3050000	20	0
3060000	18	0
3070000	10	4
3080000	8	3
3090000	8	0
3100000	3	0
3110000	5	0
3120000	0	1
3130000	2	0
3140000	3	0
3150000	5	0
3160000	0	0
3170000	7	0
3180000	0	0
3190000	1	0
3200000	5	0
3210000	3	0
3220000	4	0
3230000	5	1
3240000	9	0
3250000	11	0
3260000	7	1
3270000	5	0
3280000	19	0
3290000	14	0
3300000	10	2
3310000	3	0
3320000	20	0
3330000	3	0
3340000	2	0
3350000	0	0
3360000	6	0
3370000	5	0
3380000	13	0
3390000	15	0
3400000	4	1
3410000	3	0
3420000	16	0
3430000	1	0
3440000	8	2
3450000	2	2
3460000	3	0
3470000	6	0
3480000	7	0
3490000	5	1
3500000	21	0
3510000	11	0
3520000	4	0
3530000	4	0
3540000	4	0
3550000	12	0
3560000	13	1
3570000	10	0
3580000	10	0
3590000	16	0
3600000	10	0
3610000	20	0
3620000	4	0
3630000	8	0
3640000	1	0
3650000	7	0
3660000	19	11
3670000	4	0
3680000	19	4
3690000	7	6
3700000	7	1
3710000	3	1
3720000	4	0
3730000	8	0
3740000	10	0
3750000	17	0
3760000	6	0
3770000	11	0
3780000	1	5
3790000	0	0
3800000	1	4
3810000	11	0
3820000	5	0
3830000	2	0
3840000	8	0
3850000	4	0
3860000	13	0
3870000	4	0
3880000	2	0
3890000	1	0
3900000	0	0
3910000	4	0
3920000	4	0
3930000	11	0
3940000	11	0
3950000	8	0
3960000	1	0
3970000	1	0
3980000	2	0
3990000	6	0
4000000	3	0
4010000	7	0
4020000	5	0
4030000	7	0
4040000	5	0
4050000	1	0
4060000	2	0
4070000	3	1
4080000	4	0
4090000	7	0
4100000	3	0
4110000	16	2
4120000	8	3
4130000	2	0
4140000	1	1
4150000	4	0
4160000	7	0
4170000	10	1
4180000	10	0
4190000	1	0
4200000	3	0
4210000	22	2
4220000	4	1
4230000	6	0
4240000	7	0
4250000	2	6
4260000	6	0
4270000	5	4
4280000	7	3
4290000	4	0
4300000	0	0
4310000	0	0
4320000	1	0
4330000	0	0
4340000	0	0
4350000	2	0
4360000	1	0
4370000	1	0
4380000	2	0
4390000	4	1
4400000	8	0
4410000	22	0
4420000	6	0
4430000	15	0
4440000	14	0
4450000	19	0
4460000	4	0
4470000	0	1
4480000	3	0
4490000	2	0
4500000	22	0
4510000	5	1
4520000	0	0
4530000	6	0
4540000	2	0
4550000	0	0
4560000	3	0
4570000	5	0
4580000	12	0
4590000	9	0
4600000	14	0
4610000	3	0
4620000	3	0
4630000	1	0
4640000	2	0
4650000	2	0
4660000	4	0
4670000	2	0
4680000	4	0
4690000	4	0
4700000	2	0
4710000	6	0
4720000	2	0
4730000	1	0
4740000	1	0
4750000	1	0
4760000	12	0
4770000	3	0
4780000	5	0
4790000	6	0
4800000	7	0
4810000	3	0
4820000	21	1
4830000	7	1
4840000	9	2
4850000	3	1
4860000	3	0
4870000	6	0
4880000	1	0
4890000	0	1
4900000	0	0
4910000	3	3
4920000	4	0
4930000	4	0
4940000	2	0
4950000	0	0
4960000	7	0
4970000	4	0
4980000	0	0
4990000	4	0
5000000	1	0
