position	numhm	numht
10000	1	2
20000	0	1
30000	0	1
40000	0	0
50000	0	2
60000	0	0
70000	1	2
80000	0	2
90000	1	4
100000	0	0
110000	0	2
120000	1	5
130000	1	4
140000	0	8
150000	0	0
160000	0	1
170000	0	2
180000	0	2
190000	1	3
200000	0	0
210000	0	4
220000	0	0
230000	0	0
240000	1	1
250000	0	4
260000	0	1
270000	0	1
280000	0	1
290000	0	0
300000	0	2
310000	0	8
320000	0	4
330000	0	1
340000	1	3
350000	0	9
360000	0	3
370000	0	0
380000	0	2
390000	0	3
400000	0	1
410000	0	0
420000	1	1
430000	0	0
440000	0	0
450000	0	0
460000	0	0
470000	1	1
480000	0	0
490000	1	1
500000	0	1
510000	0	0
520000	0	0
530000	1	0
540000	0	0
550000	0	1
560000	1	0
570000	0	0
580000	0	1
590000	0	0
600000	0	5
610000	1	0
620000	1	0
630000	0	3
640000	0	1
650000	0	2
660000	0	4
670000	0	1
680000	0	1
690000	0	0
700000	1	7
710000	0	0
720000	0	1
730000	0	1
740000	0	0
750000	0	1
760000	0	1
770000	1	1
780000	0	5
790000	1	2
800000	0	2
810000	0	1
820000	0	0
830000	0	0
840000	0	2
850000	0	0
860000	0	1
870000	0	0
880000	0	0
890000	0	0
900000	0	3
910000	0	1
920000	0	2
930000	0	0
940000	0	0
950000	0	2
960000	0	3
970000	0	0
980000	0	2
990000	0	2
1000000	0	4
1010000	0	1
1020000	0	3
1030000	0	1
1040000	0	1
1050000	0	1
1060000	0	2
1070000	0	0
1080000	0	1
1090000	0	1
1100000	0	1
1110000	0	0
1120000	0	5
1130000	0	0
1140000	0	2
1150000	0	1
1160000	0	1
1170000	0	0
1180000	0	2
1190000	1	7
1200000	0	8
1210000	0	4
1220000	0	1
1230000	0	6
1240000	0	0
1250000	0	0
1260000	0	1
1270000	0	4
1280000	0	1
1290000	0	2
1300000	0	0
1310000	0	0
1320000	0	0
1330000	0	0
1340000	0	0
1350000	0	0
1360000	0	0
1370000	0	0
1380000	0	0
1390000	0	0
1400000	0	0
1410000	0	0
1420000	0	0
1430000	0	0
1440000	0	0
1450000	0	0
1460000	0	1
1470000	0	0
1480000	0	0
1490000	0	0
1500000	0	0
1510000	0	0
1520000	0	0
1530000	0	1
1540000	0	0
1550000	0	0
1560000	0	0
1570000	0	0
1580000	0	0
1590000	0	0
1600000	0	0
1610000	0	1
1620000	0	2
1630000	0	4
1640000	1	1
1650000	0	2
1660000	0	0
1670000	0	0
1680000	0	1
1690000	0	0
1700000	0	0
1710000	0	0
1720000	0	5
1730000	0	3
1740000	0	0
1750000	0	1
1760000	0	2
1770000	0	15
1780000	0	0
1790000	1	1
1800000	0	1
1810000	0	3
1820000	1	14
1830000	1	0
1840000	0	0
1850000	0	2
1860000	0	2
1870000	0	2
1880000	0	1
1890000	0	1
1900000	0	1
1910000	0	2
1920000	0	1
1930000	2	4
1940000	0	0
1950000	0	2
1960000	0	0
1970000	0	0
1980000	0	2
1990000	0	2
2000000	2	0
2010000	0	0
2020000	0	0
2030000	0	2
2040000	0	1
2050000	0	2
2060000	1	4
2070000	1	4
2080000	0	3
2090000	0	0
2100000	0	2
2110000	0	1
2120000	0	1
2130000	0	4
2140000	1	6
2150000	0	4
2160000	0	1
2170000	0	0
2180000	0	0
2190000	0	1
2200000	0	0
2210000	1	2
2220000	0	0
2230000	0	2
2240000	0	2
2250000	0	1
2260000	0	1
2270000	0	2
2280000	0	1
2290000	0	3
2300000	1	1
2310000	0	1
2320000	0	1
2330000	2	1
2340000	0	1
2350000	1	0
2360000	1	1
2370000	1	1
2380000	0	3
2390000	1	5
2400000	0	2
2410000	2	2
2420000	0	0
2430000	1	0
2440000	1	2
2450000	0	0
2460000	0	1
2470000	2	2
2480000	0	1
2490000	0	0
2500000	1	2
2510000	1	1
2520000	0	1
2530000	1	1
2540000	0	1
2550000	0	3
2560000	0	1
2570000	3	0
2580000	0	0
2590000	0	0
2600000	0	0
2610000	0	1
2620000	0	1
2630000	0	11
2640000	1	0
2650000	0	1
2660000	0	0
2670000	0	0
2680000	1	1
2690000	0	0
2700000	0	0
2710000	0	11
2720000	0	1
2730000	0	3
2740000	0	5
2750000	0	0
2760000	0	1
2770000	1	2
2780000	1	3
2790000	0	3
2800000	0	2
2810000	0	6
2820000	0	8
2830000	2	8
2840000	0	2
2850000	0	0
2860000	0	0
2870000	0	0
2880000	0	1
2890000	0	0
2900000	0	7
2910000	2	1
2920000	1	4
2930000	0	2
2940000	0	1
2950000	0	0
2960000	0	2
2970000	2	8
2980000	0	2
2990000	1	4
3000000	0	1
3010000	0	0
3020000	0	1
3030000	0	1
3040000	0	1
3050000	0	1
3060000	0	0
3070000	0	3
3080000	1	0
3090000	0	5
3100000	0	10
3110000	1	4
3120000	0	9
3130000	1	3
3140000	1	3
3150000	2	5
3160000	0	2
3170000	0	2
3180000	0	4
3190000	0	2
3200000	0	1
3210000	0	1
3220000	0	2
3230000	1	1
3240000	0	3
3250000	0	0
3260000	0	1
3270000	0	1
3280000	2	1
3290000	0	0
3300000	0	0
3310000	0	3
3320000	1	2
3330000	0	0
3340000	0	0
3350000	0	2
3360000	0	1
3370000	0	3
3380000	0	0
3390000	0	3
3400000	0	0
3410000	1	2
3420000	0	2
3430000	1	1
3440000	0	0
3450000	0	0
3460000	0	0
3470000	0	3
3480000	1	2
3490000	2	2
3500000	0	0
3510000	1	1
3520000	1	1
3530000	0	1
3540000	0	1
3550000	0	2
3560000	0	1
3570000	0	2
3580000	0	4
3590000	0	4
3600000	0	0
3610000	0	0
3620000	0	0
3630000	0	8
3640000	0	2
3650000	2	2
3660000	0	14
3670000	3	7
3680000	0	3
3690000	0	1
3700000	0	0
3710000	0	4
3720000	0	1
3730000	0	1
3740000	1	2
3750000	0	1
3760000	2	7
3770000	2	6
3780000	0	1
3790000	0	1
3800000	0	1
3810000	0	0
3820000	1	2
3830000	0	3
3840000	0	0
3850000	0	6
3860000	0	1
3870000	0	2
3880000	0	4
3890000	0	2
3900000	1	2
3910000	0	7
3920000	0	5
3930000	0	3
3940000	0	2
3950000	0	0
3960000	2	4
3970000	0	1
3980000	0	1
3990000	2	0
4000000	0	1
4010000	0	1
4020000	2	0
4030000	0	1
4040000	0	2
4050000	0	0
4060000	0	1
4070000	1	6
4080000	3	5
4090000	0	1
4100000	0	12
4110000	0	2
4120000	0	4
4130000	2	10
4140000	0	3
4150000	0	0
4160000	0	2
4170000	0	1
4180000	0	4
4190000	1	1
4200000	0	1
4210000	0	4
4220000	0	1
4230000	0	0
4240000	1	0
4250000	2	4
4260000	0	8
4270000	0	1
4280000	1	1
4290000	0	1
4300000	0	9
4310000	0	4
4320000	3	5
4330000	1	5
4340000	0	0
4350000	0	0
4360000	1	5
4370000	1	17
4380000	0	4
4390000	0	9
4400000	0	2
4410000	0	0
4420000	0	0
4430000	0	10
4440000	0	1
4450000	0	1
4460000	1	3
4470000	0	1
4480000	4	12
4490000	1	3
4500000	0	1
4510000	0	1
4520000	0	0
4530000	2	0
4540000	0	2
4550000	0	0
4560000	0	1
4570000	0	4
4580000	0	3
4590000	1	2
4600000	1	3
4610000	0	6
4620000	0	6
4630000	1	1
4640000	0	1
4650000	0	10
4660000	1	4
4670000	1	0
4680000	0	0
4690000	0	1
4700000	0	1
4710000	1	3
4720000	0	1
4730000	1	1
4740000	0	4
4750000	0	1
4760000	0	1
4770000	0	0
4780000	0	1
4790000	0	1
4800000	0	1
4810000	0	0
4820000	0	3
4830000	0	5
4840000	3	2
4850000	0	0
4860000	1	4
4870000	0	7
4880000	2	16
4890000	0	6
4900000	1	3
4910000	0	2
4920000	0	13
4930000	0	0
4940000	0	1
4950000	0	1
4960000	0	3
4970000	0	1
4980000	0	6
4990000	0	3
5000000	2	4
5010000	2	2
5020000	0	3
5030000	0	3
5040000	0	2
5050000	2	0
5060000	5	5
5070000	1	0
5080000	1	2
5090000	0	1
5100000	0	1
5110000	1	4
5120000	1	5
5130000	0	1
5140000	0	1
5150000	0	6
5160000	0	6
5170000	1	5
5180000	0	4
5190000	2	5
5200000	0	1
5210000	0	7
5220000	2	8
5230000	2	2
5240000	1	4
5250000	1	1
5260000	0	0
5270000	0	0
5280000	0	6
5290000	0	3
5300000	0	8
5310000	0	4
5320000	0	2
5330000	5	4
5340000	0	4
5350000	0	1
5360000	0	1
5370000	1	2
5380000	1	4
5390000	2	9
5400000	0	2
5410000	0	1
5420000	0	10
5430000	0	2
5440000	0	2
5450000	1	0
5460000	2	4
5470000	0	3
5480000	0	0
5490000	2	12
5500000	3	3
5510000	1	7
5520000	0	5
5530000	0	2
5540000	1	3
5550000	0	2
5560000	0	3
5570000	0	1
5580000	0	2
5590000	0	2
5600000	0	3
5610000	0	1
5620000	0	4
5630000	0	3
5640000	0	5
5650000	1	5
5660000	0	5
5670000	3	6
5680000	0	3
5690000	0	1
5700000	0	1
5710000	0	0
5720000	1	6
5730000	0	4
5740000	0	1
5750000	1	2
5760000	2	3
5770000	1	7
5780000	0	1
5790000	1	4
5800000	0	6
5810000	0	6
5820000	0	2
5830000	0	1
5840000	0	1
5850000	0	3
5860000	0	2
5870000	1	2
5880000	1	2
5890000	0	3
5900000	0	12
5910000	0	1
5920000	0	8
5930000	0	7
5940000	0	1
5950000	0	1
5960000	1	2
5970000	0	9
5980000	0	7
5990000	0	4
6000000	0	9
6010000	2	9
6020000	1	7
6030000	0	1
6040000	0	7
6050000	0	14
6060000	2	5
6070000	0	1
6080000	2	4
6090000	0	0
6100000	0	12
6110000	0	6
6120000	0	1
6130000	0	0
6140000	1	0
6150000	1	13
6160000	1	8
6170000	2	7
6180000	1	3
6190000	3	12
6200000	2	12
6210000	0	9
6220000	5	8
6230000	0	1
6240000	0	1
6250000	0	0
6260000	0	0
6270000	0	1
6280000	2	6
6290000	0	0
6300000	0	1
6310000	0	2
6320000	0	0
6330000	0	0
6340000	0	6
6350000	0	0
6360000	0	0
6370000	0	7
6380000	1	8
6390000	3	14
6400000	3	7
6410000	0	3
6420000	4	1
6430000	5	9
6440000	1	4
6450000	0	3
6460000	0	29
6470000	2	8
6480000	0	11
6490000	0	6
6500000	0	2
6510000	0	8
6520000	0	4
6530000	1	3
6540000	0	5
6550000	1	1
6560000	1	8
6570000	2	8
6580000	0	0
6590000	0	12
6600000	0	15
6610000	0	1
6620000	0	1
6630000	0	0
6640000	0	2
6650000	2	9
6660000	0	0
6670000	2	2
6680000	2	10
6690000	0	1
6700000	0	2
6710000	2	9
6720000	1	7
6730000	0	5
6740000	0	3
6750000	0	3
6760000	1	3
6770000	0	0
6780000	0	0
6790000	2	7
6800000	2	5
6810000	0	3
6820000	0	4
6830000	1	5
6840000	2	0
6850000	0	7
6860000	0	4
6870000	0	7
6880000	0	10
6890000	4	10
6900000	0	7
6910000	0	2
6920000	0	2
6930000	0	6
6940000	0	2
6950000	0	2
6960000	1	5
6970000	1	11
6980000	0	4
6990000	1	6
7000000	2	5
7010000	0	7
7020000	0	8
7030000	2	10
7040000	0	8
7050000	2	6
7060000	0	10
7070000	1	7
7080000	3	12
7090000	0	2
7100000	1	11
7110000	0	6
7120000	0	0
7130000	1	4
7140000	0	3
7150000	0	6
7160000	1	5
7170000	2	15
7180000	0	9
7190000	1	6
7200000	0	4
7210000	1	4
7220000	1	10
7230000	0	7
7240000	0	12
7250000	2	6
7260000	0	4
7270000	2	23
7280000	0	20
7290000	0	7
7300000	0	3
7310000	2	2
7320000	2	2
7330000	2	6
7340000	1	3
7350000	4	2
7360000	0	5
7370000	0	16
7380000	1	5
7390000	1	21
7400000	0	4
7410000	4	2
7420000	0	0
7430000	0	12
7440000	2	2
7450000	0	2
7460000	0	6
7470000	0	8
7480000	0	2
7490000	0	5
7500000	1	4
7510000	1	5
7520000	0	5
7530000	1	1
7540000	0	4
7550000	0	2
7560000	0	4
7570000	1	1
7580000	0	4
7590000	0	0
7600000	0	2
7610000	0	3
7620000	0	5
7630000	1	4
7640000	2	7
7650000	0	4
7660000	3	7
7670000	0	1
7680000	1	6
7690000	0	2
7700000	2	2
7710000	0	1
7720000	0	1
7730000	0	0
7740000	1	6
7750000	0	5
7760000	0	2
7770000	0	3
7780000	0	5
7790000	1	4
7800000	1	9
7810000	0	5
7820000	0	1
7830000	0	3
7840000	1	6
7850000	0	9
7860000	2	3
7870000	0	5
7880000	2	3
7890000	4	0
7900000	8	15
7910000	2	15
7920000	1	2
7930000	0	3
7940000	0	5
7950000	0	17
7960000	1	6
7970000	0	0
7980000	2	5
7990000	0	3
8000000	0	2
8010000	4	12
8020000	0	5
8030000	2	2
8040000	3	2
8050000	0	3
8060000	0	4
8070000	0	4
8080000	1	9
8090000	2	10
8100000	0	2
8110000	2	14
8120000	1	9
8130000	0	10
8140000	1	9
8150000	0	0
8160000	1	1
8170000	1	3
8180000	0	8
8190000	1	5
8200000	0	18
8210000	1	7
8220000	2	2
8230000	1	5
8240000	0	4
8250000	0	12
8260000	0	0
8270000	1	2
8280000	3	12
8290000	8	9
8300000	0	1
8310000	0	4
8320000	0	0
8330000	0	2
8340000	0	3
8350000	5	15
8360000	0	17
8370000	1	3
8380000	3	5
8390000	1	4
8400000	3	12
8410000	4	1
8420000	0	4
8430000	0	2
8440000	7	3
8450000	0	5
8460000	1	3
8470000	5	4
8480000	1	3
8490000	5	6
8500000	3	10
8510000	3	13
8520000	0	9
8530000	4	6
8540000	0	2
8550000	2	2
8560000	6	7
8570000	0	0
8580000	0	0
8590000	0	2
8600000	0	1
8610000	0	8
8620000	0	2
8630000	0	0
8640000	0	4
8650000	4	24
8660000	0	7
8670000	1	6
8680000	3	2
8690000	0	4
8700000	0	2
8710000	1	11
8720000	0	4
8730000	0	5
8740000	0	0
8750000	1	6
8760000	2	1
8770000	0	4
8780000	0	4
8790000	0	1
8800000	0	3
8810000	0	5
8820000	0	3
8830000	0	0
8840000	0	0
8850000	0	2
8860000	0	8
8870000	4	16
8880000	1	10
8890000	1	3
8900000	0	15
8910000	1	27
8920000	3	9
8930000	0	13
8940000	1	21
8950000	3	18
8960000	1	5
8970000	0	5
8980000	0	3
8990000	2	11
9000000	0	1
9010000	4	13
9020000	1	1
9030000	1	0
9040000	0	4
9050000	3	2
9060000	0	0
9070000	0	2
9080000	0	0
9090000	0	1
9100000	1	0
9110000	0	1
9120000	0	0
9130000	0	0
9140000	0	2
9150000	1	2
9160000	0	0
9170000	2	8
9180000	1	0
9190000	0	0
9200000	0	0
9210000	3	4
9220000	0	24
9230000	1	23
9240000	0	2
9250000	2	9
9260000	0	10
9270000	2	7
9280000	1	11
9290000	1	7
9300000	1	9
9310000	1	12
9320000	0	6
9330000	1	4
9340000	4	1
9350000	0	0
9360000	0	0
9370000	0	3
9380000	0	0
9390000	2	0
9400000	0	12
9410000	1	7
9420000	0	4
9430000	1	6
9440000	2	8
9450000	0	1
9460000	0	3
9470000	0	5
9480000	0	2
9490000	0	5
9500000	0	2
9510000	0	0
9520000	0	0
9530000	0	3
9540000	1	8
9550000	1	0
9560000	1	12
9570000	0	3
9580000	1	13
9590000	1	6
9600000	3	6
9610000	0	10
9620000	1	12
9630000	1	5
9640000	0	3
9650000	1	1
9660000	0	12
9670000	0	2
9680000	0	2
9690000	1	22
9700000	0	4
9710000	0	4
9720000	1	10
9730000	0	4
9740000	0	0
9750000	4	11
9760000	1	5
9770000	0	8
9780000	1	7
9790000	1	5
9800000	1	6
9810000	1	12
9820000	1	13
9830000	0	8
9840000	1	14
9850000	0	1
9860000	0	4
9870000	0	2
9880000	1	14
9890000	1	5
9900000	0	4
9910000	0	4
9920000	0	3
9930000	1	5
9940000	2	3
9950000	2	0
9960000	0	9
9970000	0	11
9980000	0	8
9990000	0	11
10000000	1	18
10010000	1	7
10020000	0	0
10030000	1	6
10040000	0	2
10050000	3	10
10060000	0	3
10070000	3	11
10080000	2	4
10090000	2	13
10100000	0	3
10110000	0	13
10120000	1	7
10130000	1	4
10140000	0	0
10150000	0	1
10160000	1	11
10170000	0	0
10180000	1	4
10190000	0	2
10200000	2	4
10210000	0	1
10220000	0	2
10230000	0	1
10240000	0	3
10250000	0	2
10260000	4	8
10270000	1	4
10280000	0	0
10290000	0	8
10300000	0	1
10310000	1	3
10320000	0	6
10330000	1	5
10340000	1	11
10350000	0	1
10360000	2	0
10370000	0	4
10380000	0	3
10390000	0	5
10400000	1	6
10410000	0	3
10420000	0	7
10430000	0	0
10440000	0	0
10450000	3	7
10460000	0	0
10470000	0	0
10480000	0	1
10490000	0	0
10500000	1	0
10510000	0	0
10520000	0	0
10530000	1	0
10540000	0	0
10550000	0	4
10560000	0	0
10570000	0	0
10580000	0	0
10590000	0	1
10600000	0	0
10610000	0	1
10620000	0	0
10630000	0	0
10640000	0	0
10650000	0	0
10660000	0	0
10670000	0	0
10680000	0	0
10690000	0	0
10700000	5	4
10710000	0	10
10720000	1	6
10730000	1	5
10740000	0	9
10750000	4	12
10760000	0	2
10770000	0	2
10780000	0	1
10790000	0	2
10800000	0	0
10810000	1	3
10820000	0	11
10830000	1	8
10840000	1	5
10850000	1	0
10860000	0	6
10870000	0	0
10880000	1	2
10890000	1	4
10900000	2	11
10910000	0	9
10920000	0	7
10930000	2	6
10940000	0	0
10950000	3	10
10960000	0	6
10970000	1	1
10980000	0	5
10990000	0	7
11000000	0	5
11010000	1	5
11020000	0	6
11030000	0	4
11040000	1	3
11050000	0	1
11060000	2	4
11070000	0	19
11080000	6	9
11090000	0	4
11100000	0	0
11110000	1	2
11120000	0	5
11130000	3	4
11140000	0	5
11150000	0	2
11160000	0	7
11170000	0	0
11180000	0	2
11190000	1	5
11200000	1	1
11210000	0	2
11220000	0	4
11230000	1	0
11240000	0	8
11250000	0	3
11260000	0	1
11270000	1	8
11280000	0	1
11290000	4	10
11300000	2	7
11310000	0	0
11320000	0	3
11330000	0	6
11340000	0	2
11350000	0	2
11360000	2	1
11370000	0	3
11380000	1	4
11390000	0	5
11400000	3	11
11410000	0	2
11420000	0	2
11430000	1	6
11440000	0	2
11450000	3	2
11460000	0	14
11470000	0	3
11480000	2	2
11490000	1	6
11500000	5	3
11510000	1	1
11520000	0	2
11530000	1	3
11540000	0	3
11550000	1	1
11560000	3	5
11570000	0	4
11580000	0	4
11590000	2	2
11600000	0	2
11610000	1	7
11620000	3	9
11630000	2	11
11640000	0	5
11650000	0	6
11660000	2	2
11670000	1	6
11680000	0	5
11690000	0	3
11700000	0	4
11710000	0	5
11720000	0	4
11730000	0	0
11740000	0	0
11750000	1	2
11760000	0	0
11770000	2	0
11780000	1	6
11790000	0	2
11800000	3	2
11810000	0	4
11820000	1	6
11830000	0	8
11840000	0	2
11850000	0	1
11860000	0	1
11870000	2	1
11880000	0	11
11890000	1	12
11900000	3	3
11910000	0	14
11920000	1	7
11930000	0	6
11940000	3	4
11950000	1	1
11960000	0	2
11970000	9	5
11980000	0	6
11990000	1	3
12000000	0	5
12010000	2	3
12020000	2	6
12030000	0	1
12040000	1	6
12050000	4	2
12060000	0	1
12070000	2	4
12080000	0	0
12090000	0	2
12100000	0	0
12110000	0	0
12120000	0	1
12130000	1	4
12140000	0	6
12150000	7	5
12160000	0	9
12170000	0	7
12180000	0	1
12190000	1	3
12200000	5	7
12210000	2	2
12220000	1	3
12230000	0	2
12240000	0	1
12250000	0	2
12260000	0	1
12270000	0	2
12280000	0	0
12290000	0	1
12300000	0	2
12310000	0	6
12320000	1	4
12330000	1	4
12340000	0	4
12350000	0	1
12360000	1	2
12370000	0	1
12380000	1	2
12390000	0	0
12400000	0	3
12410000	1	2
12420000	0	0
12430000	0	0
12440000	0	3
12450000	1	7
12460000	0	3
12470000	0	3
12480000	0	1
12490000	1	2
12500000	0	0
12510000	0	1
12520000	0	2
12530000	0	0
12540000	0	6
12550000	0	3
12560000	3	2
12570000	1	4
12580000	1	3
12590000	0	2
12600000	1	1
12610000	1	1
12620000	0	2
12630000	0	2
12640000	1	2
12650000	3	2
12660000	1	3
12670000	1	1
12680000	0	7
12690000	0	0
12700000	0	5
12710000	1	2
12720000	0	2
12730000	0	3
12740000	1	9
12750000	0	7
12760000	0	5
12770000	0	1
12780000	1	3
12790000	0	2
12800000	0	0
12810000	0	3
12820000	0	0
12830000	0	4
12840000	0	3
12850000	0	0
12860000	0	4
12870000	0	4
12880000	0	1
12890000	0	1
12900000	0	4
12910000	2	3
12920000	1	5
12930000	0	2
12940000	0	3
12950000	0	2
12960000	2	2
12970000	0	4
12980000	0	2
12990000	0	6
13000000	1	4
13010000	0	2
13020000	0	8
13030000	0	5
13040000	0	0
13050000	2	10
13060000	1	2
13070000	1	0
13080000	1	5
13090000	1	2
13100000	0	0
13110000	0	0
13120000	1	3
13130000	1	0
13140000	0	3
13150000	0	0
13160000	0	0
13170000	0	4
13180000	1	2
13190000	0	0
13200000	0	2
13210000	0	4
13220000	0	6
13230000	0	0
13240000	3	0
13250000	1	1
13260000	0	1
13270000	0	0
13280000	0	1
13290000	0	1
13300000	0	2
13310000	1	5
13320000	0	0
13330000	0	0
13340000	0	0
13350000	1	1
13360000	1	0
13370000	1	0
13380000	1	2
13390000	0	1
13400000	0	1
13410000	0	1
13420000	0	7
13430000	0	9
13440000	2	9
13450000	2	0
13460000	3	2
13470000	0	1
13480000	0	2
13490000	0	13
13500000	0	3
13510000	0	0
13520000	0	1
13530000	0	2
13540000	0	2
13550000	0	0
13560000	3	4
13570000	0	9
13580000	2	1
13590000	0	2
13600000	2	2
13610000	0	0
13620000	1	4
13630000	1	3
13640000	4	6
13650000	3	5
13660000	0	0
13670000	0	6
13680000	0	0
13690000	0	0
13700000	0	1
13710000	1	3
13720000	1	2
13730000	1	1
13740000	0	2
13750000	2	7
13760000	0	6
13770000	0	0
13780000	0	2
13790000	0	3
13800000	0	0
13810000	1	0
13820000	0	2
13830000	0	3
13840000	0	1
13850000	0	2
13860000	0	0
13870000	0	3
13880000	0	0
13890000	0	0
13900000	0	2
13910000	0	4
13920000	0	3
13930000	0	1
13940000	3	1
13950000	0	3
13960000	0	0
13970000	0	1
13980000	0	1
13990000	0	0
14000000	0	0
14010000	0	0
14020000	0	1
14030000	0	1
14040000	0	0
14050000	0	0
14060000	0	0
14070000	0	1
14080000	0	0
14090000	1	2
14100000	0	4
14110000	0	1
14120000	0	2
14130000	1	1
14140000	0	3
14150000	2	0
14160000	0	1
14170000	0	1
14180000	1	2
14190000	0	2
14200000	0	2
14210000	1	6
14220000	1	1
14230000	1	1
14240000	0	0
14250000	0	4
14260000	1	3
14270000	2	3
14280000	0	1
14290000	0	1
14300000	0	3
14310000	0	1
14320000	1	3
14330000	1	5
14340000	1	5
14350000	0	0
14360000	0	5
14370000	0	2
14380000	0	6
14390000	1	2
14400000	0	0
14410000	6	1
14420000	0	1
14430000	1	2
14440000	0	6
14450000	0	0
14460000	0	1
14470000	0	1
14480000	0	3
14490000	2	2
14500000	2	2
14510000	2	1
14520000	2	1
14530000	0	0
14540000	0	0
14550000	0	1
14560000	1	2
14570000	0	3
14580000	0	5
14590000	0	3
14600000	2	5
14610000	0	0
14620000	0	1
14630000	0	2
14640000	0	0
14650000	0	1
14660000	0	4
14670000	1	1
14680000	0	2
14690000	1	2
14700000	1	2
14710000	0	6
14720000	0	4
14730000	1	4
14740000	0	2
14750000	0	8
14760000	0	0
14770000	1	1
14780000	0	11
14790000	0	3
14800000	0	5
14810000	1	0
14820000	0	1
14830000	0	0
14840000	1	2
14850000	1	4
14860000	1	2
14870000	0	4
14880000	0	1
14890000	0	2
14900000	0	0
14910000	0	0
14920000	1	4
14930000	1	0
14940000	0	0
14950000	1	4
14960000	1	1
14970000	0	1
14980000	0	1
14990000	1	0
15000000	0	2
15010000	0	0
15020000	1	1
15030000	0	2
15040000	0	1
15050000	0	1
15060000	0	0
15070000	0	1
15080000	1	7
15090000	4	9
15100000	0	2
15110000	0	1
15120000	0	8
15130000	0	1
15140000	0	1
15150000	3	3
15160000	0	1
15170000	0	0
15180000	0	7
15190000	0	2
15200000	0	0
15210000	0	1
15220000	1	3
15230000	1	4
15240000	1	1
15250000	0	1
15260000	0	10
15270000	0	6
15280000	0	3
15290000	0	1
15300000	3	3
15310000	0	2
15320000	1	0
15330000	0	0
15340000	0	2
15350000	3	1
15360000	0	2
15370000	0	1
15380000	0	5
15390000	0	4
15400000	0	2
15410000	2	3
15420000	5	4
15430000	2	8
15440000	0	3
15450000	0	2
15460000	0	2
15470000	0	2
15480000	0	4
15490000	1	3
15500000	0	5
15510000	0	2
15520000	1	2
15530000	0	1
15540000	0	1
15550000	0	0
15560000	0	0
15570000	0	2
15580000	0	0
15590000	0	1
15600000	0	4
15610000	0	1
15620000	0	3
15630000	0	2
15640000	0	2
15650000	0	3
15660000	0	1
15670000	0	1
15680000	0	0
15690000	1	0
15700000	0	0
15710000	0	0
15720000	0	4
15730000	1	0
15740000	0	2
15750000	0	2
15760000	0	3
15770000	1	2
15780000	0	0
15790000	0	2
15800000	1	5
15810000	0	0
15820000	1	0
15830000	5	4
15840000	0	2
15850000	1	1
15860000	0	1
15870000	1	0
15880000	0	5
15890000	0	7
15900000	1	0
15910000	0	1
15920000	0	5
15930000	0	1
15940000	0	2
15950000	0	2
15960000	1	0
15970000	0	2
15980000	0	0
15990000	0	0
16000000	0	0
16010000	0	0
16020000	0	2
16030000	0	0
16040000	0	0
16050000	0	0
16060000	0	0
16070000	0	0
16080000	0	0
16090000	1	1
16100000	0	0
16110000	0	0
16120000	0	0
16130000	0	1
16140000	0	0
16150000	0	0
16160000	0	0
16170000	0	0
16180000	0	0
16190000	0	0
16200000	0	0
16210000	0	0
16220000	0	0
16230000	0	0
16240000	0	0
16250000	0	0
16260000	0	0
16270000	0	0
16280000	0	0
16290000	0	0
16300000	0	0
16310000	0	0
16320000	0	0
16330000	1	0
16340000	0	0
16350000	0	0
16360000	0	0
16370000	0	0
16380000	0	1
16390000	0	0
16400000	0	0
16410000	0	0
16420000	0	1
16430000	0	1
16440000	2	0
16450000	1	2
16460000	0	1
16470000	0	3
16480000	0	1
16490000	2	2
16500000	0	3
16510000	0	0
16520000	1	1
16530000	0	1
16540000	0	0
16550000	0	0
16560000	0	0
16570000	0	1
16580000	0	2
16590000	1	6
16600000	0	3
16610000	1	0
16620000	0	1
16630000	0	3
16640000	0	0
16650000	0	3
16660000	0	3
16670000	1	2
16680000	2	4
16690000	0	4
16700000	0	1
16710000	1	0
16720000	0	1
16730000	2	3
16740000	2	2
16750000	0	0
16760000	1	6
16770000	0	2
16780000	0	4
16790000	1	2
16800000	2	3
16810000	3	2
16820000	2	3
16830000	1	5
16840000	0	2
16850000	0	0
16860000	0	0
16870000	0	0
16880000	0	1
16890000	0	2
16900000	2	2
16910000	0	1
16920000	0	2
16930000	0	3
16940000	0	1
16950000	0	2
16960000	0	0
16970000	4	4
16980000	0	0
16990000	1	3
17000000	0	0
17010000	0	1
17020000	0	0
17030000	0	2
17040000	0	6
17050000	0	0
17060000	0	3
17070000	1	6
17080000	0	0
17090000	1	0
17100000	0	0
17110000	2	1
17120000	0	0
17130000	1	1
17140000	0	1
17150000	0	2
17160000	3	2
17170000	0	0
17180000	0	1
17190000	0	1
17200000	0	0
17210000	0	4
17220000	0	0
17230000	1	0
17240000	0	5
17250000	0	2
17260000	0	2
17270000	0	1
17280000	0	0
17290000	1	2
17300000	1	1
17310000	0	8
17320000	1	2
17330000	1	0
17340000	0	1
17350000	0	0
17360000	0	1
17370000	1	0
17380000	0	1
17390000	0	0
17400000	1	6
17410000	0	1
17420000	0	1
17430000	0	4
17440000	0	1
17450000	0	5
17460000	1	1
17470000	0	3
17480000	0	0
17490000	1	1
17500000	0	0
17510000	0	4
17520000	0	0
17530000	0	0
17540000	0	0
17550000	0	0
17560000	0	0
17570000	0	0
17580000	0	0
17590000	0	0
17600000	0	0
17610000	0	0
17620000	0	2
17630000	0	3
17640000	1	1
17650000	0	6
17660000	0	0
17670000	0	0
17680000	0	0
17690000	2	1
17700000	0	0
17710000	0	0
17720000	0	1
17730000	4	2
17740000	1	0
17750000	0	0
17760000	1	2
17770000	0	1
17780000	1	4
17790000	0	7
17800000	3	6
17810000	1	2
17820000	0	1
17830000	0	0
17840000	0	2
17850000	0	5
17860000	0	1
17870000	0	2
17880000	0	1
17890000	0	1
17900000	0	9
17910000	3	10
17920000	0	2
17930000	0	2
17940000	0	0
17950000	0	0
17960000	0	1
17970000	0	2
17980000	0	1
17990000	1	2
18000000	0	0
18010000	0	2
18020000	1	0
18030000	0	1
18040000	0	0
18050000	0	0
18060000	0	2
18070000	0	2
18080000	1	2
18090000	0	2
18100000	1	0
18110000	0	1
18120000	0	3
18130000	0	0
18140000	0	3
18150000	0	1
18160000	1	2
18170000	0	4
18180000	0	0
18190000	0	1
18200000	6	2
18210000	1	1
18220000	0	1
18230000	0	2
18240000	0	0
18250000	0	0
18260000	0	0
18270000	0	0
18280000	0	0
18290000	2	4
18300000	0	3
18310000	0	0
18320000	1	2
18330000	3	3
18340000	2	2
18350000	4	9
18360000	2	3
18370000	6	0
18380000	0	0
18390000	0	0
18400000	0	0
18410000	0	0
18420000	0	0
18430000	0	0
18440000	0	0
18450000	0	0
18460000	0	0
18470000	0	0
18480000	0	0
18490000	0	0
18500000	0	0
18510000	0	0
18520000	0	0
18530000	0	0
18540000	0	0
18550000	0	0
18560000	0	0
18570000	0	0
18580000	0	0
18590000	0	0
18600000	0	0
18610000	0	0
18620000	0	0
18630000	0	0
18640000	0	0
18650000	0	0
18660000	1	0
18670000	0	0
18680000	0	0
18690000	0	0
18700000	0	0
18710000	0	0
18720000	0	0
18730000	0	0
18740000	1	1
18750000	0	0
18760000	0	0
18770000	0	0
18780000	0	0
18790000	0	0
18800000	0	0
18810000	4	2
18820000	1	0
18830000	3	4
18840000	8	8
18850000	8	3
18860000	1	5
18870000	6	1
18880000	2	0
18890000	5	1
18900000	3	4
18910000	4	3
18920000	4	1
18930000	6	0
18940000	8	4
18950000	4	3
18960000	0	0
18970000	0	0
18980000	0	0
18990000	0	0
19000000	0	0
19010000	0	0
19020000	0	0
19030000	1	0
19040000	0	0
19050000	0	0
19060000	0	0
19070000	0	0
19080000	0	0
19090000	4	2
19100000	2	3
19110000	4	1
19120000	0	0
19130000	0	0
19140000	0	0
19150000	0	1
19160000	2	3
19170000	1	1
19180000	4	3
19190000	8	0
19200000	1	2
19210000	25	3
19220000	1	3
19230000	9	5
19240000	3	7
19250000	3	0
19260000	0	0
19270000	8	13
19280000	1	1
19290000	1	0
19300000	0	0
19310000	0	0
19320000	0	0
19330000	0	0
19340000	0	0
19350000	0	0
19360000	0	0
19370000	0	0
19380000	0	0
19390000	0	0
19400000	0	0
19410000	0	0
19420000	0	0
19430000	0	1
19440000	0	1
19450000	0	0
19460000	1	0
19470000	1	0
19480000	3	0
19490000	4	2
19500000	4	0
19510000	0	0
19520000	0	0
19530000	0	0
19540000	1	0
19550000	0	2
19560000	0	1
19570000	0	0
19580000	0	0
19590000	1	0
19600000	0	0
19610000	2	0
19620000	0	0
19630000	0	1
19640000	0	0
19650000	0	0
19660000	0	0
19670000	0	0
19680000	0	0
19690000	4	0
19700000	0	0
19710000	0	0
19720000	0	0
19730000	2	0
19740000	0	0
19750000	0	0
19760000	0	0
19770000	0	1
19780000	0	0
19790000	0	1
19800000	0	0
19810000	1	6
19820000	0	1
19830000	0	2
19840000	0	4
19850000	0	0
19860000	0	0
19870000	0	0
19880000	0	0
19890000	0	3
19900000	5	4
19910000	0	0
19920000	0	0
19930000	0	0
19940000	0	0
19950000	0	0
19960000	0	0
19970000	0	0
19980000	0	2
19990000	0	0
20000000	0	0
20010000	0	0
20020000	0	0
20030000	0	0
20040000	0	0
20050000	0	1
20060000	0	1
20070000	0	1
20080000	0	1
20090000	1	0
20100000	0	2
20110000	0	1
20120000	0	0
20130000	0	0
20140000	0	0
20150000	0	0
20160000	0	0
20170000	0	2
20180000	0	0
20190000	0	0
20200000	0	0
20210000	7	8
20220000	8	29
20230000	0	0
20240000	0	1
20250000	0	0
20260000	0	0
20270000	0	0
20280000	0	0
20290000	0	0
20300000	0	0
20310000	0	2
20320000	1	1
20330000	0	3
20340000	1	1
20350000	1	3
20360000	1	1
20370000	0	0
20380000	0	0
20390000	0	0
20400000	0	0
20410000	0	0
20420000	0	0
20430000	1	0
20440000	0	0
20450000	0	0
20460000	0	5
20470000	0	2
20480000	0	0
20490000	0	0
20500000	0	1
20510000	0	0
20520000	0	0
20530000	0	0
20540000	0	0
20550000	1	1
20560000	1	0
20570000	0	0
20580000	0	0
20590000	0	0
20600000	0	0
20610000	0	0
20620000	0	0
20630000	0	0
20640000	0	0
20650000	0	0
20660000	0	0
20670000	0	0
20680000	0	0
20690000	0	0
20700000	0	0
20710000	1	2
20720000	0	0
20730000	0	0
20740000	0	0
20750000	0	0
20760000	0	3
20770000	0	0
20780000	0	0
20790000	0	0
20800000	0	1
20810000	0	0
20820000	0	0
20830000	1	0
20840000	0	0
20850000	0	0
20860000	0	0
20870000	0	0
20880000	0	3
20890000	0	0
20900000	0	0
20910000	0	0
20920000	0	0
20930000	0	0
20940000	0	4
20950000	0	0
20960000	0	0
20970000	0	0
20980000	1	1
20990000	2	0
21000000	5	3
21010000	4	1
21020000	2	1
21030000	5	1
21040000	4	2
21050000	2	5
21060000	3	0
21070000	6	5
21080000	1	3
21090000	1	5
21100000	0	0
21110000	2	8
21120000	3	5
21130000	4	4
21140000	3	3
21150000	4	7
21160000	4	5
21170000	1	2
21180000	1	2
21190000	2	2
21200000	2	1
21210000	2	4
21220000	7	3
21230000	8	1
21240000	3	2
21250000	4	5
21260000	10	3
21270000	10	0
21280000	14	7
21290000	5	1
21300000	2	0
21310000	2	2
21320000	0	0
21330000	1	0
21340000	0	0
21350000	0	2
21360000	0	3
21370000	0	0
21380000	1	2
21390000	1	0
21400000	0	0
21410000	0	1
21420000	4	3
21430000	1	3
21440000	2	5
21450000	4	5
21460000	4	3
21470000	10	3
21480000	6	3
21490000	7	7
21500000	7	6
21510000	10	4
21520000	7	5
21530000	6	3
21540000	5	2
21550000	5	7
21560000	6	1
21570000	3	8
21580000	9	7
21590000	13	2
21600000	9	6
21610000	8	1
21620000	6	2
21630000	7	2
21640000	2	1
21650000	2	9
21660000	8	2
21670000	12	5
21680000	7	0
21690000	1	3
21700000	2	7
21710000	4	4
21720000	5	1
21730000	7	11
21740000	6	4
21750000	4	4
21760000	12	9
21770000	4	1
21780000	7	6
21790000	6	2
21800000	3	4
21810000	4	8
21820000	4	1
21830000	5	2
21840000	0	2
21850000	0	0
21860000	1	0
21870000	1	0
21880000	6	3
21890000	5	1
21900000	0	0
21910000	3	1
21920000	12	4
21930000	8	2
21940000	7	3
21950000	10	3
21960000	5	5
21970000	3	7
21980000	7	7
21990000	2	3
22000000	0	6
22010000	4	1
22020000	2	2
22030000	4	4
22040000	5	3
22050000	1	1
22060000	8	4
22070000	7	0
22080000	4	3
22090000	3	5
22100000	6	1
22110000	2	6
22120000	5	14
22130000	12	29
22140000	3	20
22150000	3	8
22160000	3	22
22170000	3	7
22180000	2	1
22190000	2	1
22200000	1	1
22210000	5	27
22220000	4	17
22230000	1	0
22240000	3	3
22250000	3	1
22260000	4	3
22270000	7	2
22280000	9	3
22290000	8	18
22300000	8	18
22310000	8	7
22320000	8	13
22330000	3	2
22340000	8	9
22350000	3	2
22360000	22	7
22370000	17	14
22380000	1	2
22390000	0	0
22400000	0	0
22410000	0	0
22420000	0	0
22430000	0	2
22440000	0	2
22450000	3	1
22460000	1	5
22470000	9	19
22480000	2	2
22490000	0	0
22500000	1	4
22510000	3	5
22520000	5	5
22530000	0	2
22540000	2	0
22550000	0	0
22560000	0	0
22570000	0	1
22580000	1	0
22590000	0	0
22600000	0	0
22610000	0	1
22620000	0	0
22630000	0	0
22640000	1	0
22650000	2	0
22660000	0	1
22670000	5	1
22680000	1	0
22690000	0	1
22700000	0	0
22710000	3	6
22720000	0	0
22730000	22	39
22740000	20	40
22750000	16	9
22760000	1	0
22770000	0	0
22780000	0	1
22790000	3	3
22800000	10	5
22810000	6	1
22820000	0	0
22830000	0	0
22840000	4	0
22850000	1	0
22860000	0	0
22870000	4	2
22880000	5	0
22890000	12	11
22900000	13	2
22910000	11	3
22920000	11	71
22930000	1	9
22940000	3	4
22950000	6	3
22960000	1	3
22970000	3	2
22980000	2	2
22990000	3	0
23000000	5	3
23010000	4	2
23020000	2	4
23030000	9	1
23040000	2	3
23050000	6	3
23060000	4	5
23070000	10	6
23080000	0	0
23090000	7	3
23100000	4	4
23110000	12	5
23120000	5	1
23130000	9	2
23140000	2	1
23150000	0	5
23160000	6	17
23170000	3	3
23180000	3	1
23190000	2	2
23200000	1	7
23210000	2	5
23220000	4	6
23230000	10	9
23240000	1	5
23250000	3	2
23260000	6	2
23270000	3	0
23280000	4	3
23290000	3	0
23300000	7	3
23310000	6	0
23320000	5	0
23330000	0	2
23340000	1	1
23350000	3	0
23360000	0	0
23370000	0	0
23380000	1	1
23390000	1	0
23400000	4	0
23410000	7	1
23420000	10	4
23430000	10	3
23440000	2	0
23450000	10	0
23460000	0	0
23470000	7	0
23480000	2	3
23490000	0	0
23500000	4	0
23510000	9	6
23520000	11	0
23530000	4	0
23540000	9	0
23550000	4	1
23560000	3	2
23570000	2	7
23580000	7	8
23590000	2	2
23600000	5	0
23610000	0	0
23620000	0	1
23630000	0	2
23640000	0	3
23650000	0	0
23660000	0	0
23670000	0	0
23680000	0	0
23690000	0	2
23700000	3	3
23710000	2	0
23720000	5	4
23730000	7	1
23740000	1	0
23750000	1	1
23760000	3	0
23770000	3	1
23780000	5	0
23790000	8	1
23800000	8	1
23810000	9	4
23820000	9	0
23830000	8	1
23840000	3	0
23850000	4	1
23860000	8	0
23870000	7	4
23880000	5	0
23890000	7	1
23900000	5	2
23910000	6	1
23920000	4	0
23930000	2	2
23940000	2	0
23950000	1	0
23960000	19	0
23970000	5	3
23980000	1	1
23990000	1	0
24000000	2	0
24010000	4	1
24020000	0	0
24030000	0	0
24040000	1	0
24050000	0	0
24060000	0	2
24070000	0	0
24080000	11	0
24090000	8	0
24100000	0	0
24110000	4	3
24120000	0	0
24130000	0	0
24140000	0	0
24150000	0	0
24160000	0	0
24170000	3	2
24180000	0	0
24190000	0	0
24200000	0	0
24210000	0	0
24220000	0	0
24230000	0	0
24240000	0	0
24250000	0	0
24260000	0	0
24270000	0	0
24280000	0	0
24290000	1	0
24300000	0	0
24310000	0	0
24320000	9	1
24330000	5	0
24340000	5	0
24350000	4	0
24360000	5	0
24370000	4	3
24380000	12	1
24390000	5	1
24400000	1	0
24410000	6	0
24420000	3	1
24430000	7	0
24440000	1	0
24450000	4	0
24460000	2	0
24470000	1	0
24480000	12	0
24490000	6	0
24500000	10	1
24510000	5	0
24520000	9	0
24530000	0	1
24540000	4	1
24550000	5	0
24560000	9	0
24570000	17	3
24580000	2	0
24590000	3	0
24600000	10	4
24610000	0	0
24620000	0	0
24630000	0	0
24640000	0	0
24650000	0	0
24660000	0	0
24670000	0	0
24680000	0	0
24690000	1	0
24700000	1	0
24710000	0	0
24720000	1	0
24730000	0	0
24740000	1	0
24750000	0	0
24760000	0	0
24770000	0	0
24780000	0	0
24790000	0	0
24800000	0	0
24810000	0	0
24820000	0	0
24830000	0	0
24840000	0	0
24850000	0	2
24860000	3	1
24870000	2	0
24880000	17	1
24890000	13	0
24900000	2	0
24910000	10	0
24920000	11	3
24930000	3	0
24940000	4	0
24950000	7	0
24960000	13	0
24970000	12	1
24980000	6	0
24990000	7	1
25000000	9	0
25010000	3	0
25020000	6	4
25030000	4	0
25040000	11	0
25050000	6	0
25060000	7	0
25070000	15	0
25080000	7	0
25090000	8	1
25100000	10	0
25110000	10	1
25120000	12	0
25130000	8	0
25140000	19	3
25150000	7	8
25160000	23	0
25170000	14	0
25180000	3	0
25190000	5	2
25200000	3	0
25210000	0	0
25220000	6	0
25230000	2	0
25240000	8	1
25250000	24	0
25260000	9	0
25270000	3	0
25280000	0	0
25290000	8	0
25300000	4	0
25310000	10	0
25320000	13	1
25330000	14	3
25340000	15	0
25350000	15	0
25360000	14	1
25370000	11	0
25380000	16	0
25390000	8	0
25400000	3	0
25410000	2	0
25420000	8	0
25430000	10	5
25440000	3	0
25450000	8	0
25460000	7	0
25470000	3	0
25480000	18	0
25490000	5	0
25500000	7	0
25510000	0	0
25520000	11	1
25530000	12	0
25540000	4	0
25550000	20	0
25560000	18	0
25570000	10	4
25580000	8	3
25590000	8	0
25600000	3	0
25610000	5	0
25620000	0	1
25630000	2	0
25640000	3	0
25650000	5	0
25660000	0	0
25670000	7	0
25680000	0	0
25690000	1	0
25700000	5	0
25710000	3	0
25720000	4	0
25730000	5	1
25740000	9	0
25750000	11	0
25760000	7	1
25770000	5	0
25780000	19	0
25790000	14	0
25800000	10	2
25810000	3	0
25820000	20	0
25830000	3	0
25840000	2	0
25850000	0	0
25860000	6	0
25870000	5	0
25880000	13	0
25890000	15	0
25900000	4	1
25910000	3	0
25920000	16	0
25930000	1	0
25940000	8	2
25950000	2	2
25960000	3	0
25970000	6	0
25980000	7	0
25990000	5	1
26000000	21	0
26010000	11	0
26020000	4	0
26030000	4	0
26040000	4	0
26050000	12	0
26060000	13	1
26070000	10	0
26080000	10	0
26090000	16	0
26100000	10	0
26110000	20	0
26120000	4	0
26130000	8	0
26140000	1	0
26150000	7	0
26160000	19	11
26170000	4	0
26180000	19	4
26190000	7	6
26200000	7	1
26210000	3	1
26220000	4	0
26230000	8	0
26240000	10	0
26250000	17	0
26260000	6	0
26270000	11	0
26280000	1	5
26290000	0	0
26300000	1	4
26310000	11	0
26320000	5	0
26330000	2	0
26340000	8	0
26350000	4	0
26360000	13	0
26370000	4	0
26380000	2	0
26390000	1	0
26400000	0	0
26410000	4	0
26420000	4	0
26430000	11	0
26440000	11	0
26450000	8	0
26460000	1	0
26470000	1	0
26480000	2	0
26490000	6	0
26500000	3	0
26510000	7	0
26520000	5	0
26530000	7	0
26540000	5	0
26550000	1	0
26560000	2	0
26570000	3	1
26580000	4	0
26590000	7	0
26600000	3	0
26610000	16	2
26620000	8	3
26630000	2	0
26640000	1	1
26650000	4	0
26660000	7	0
26670000	10	1
26680000	10	0
26690000	1	0
26700000	3	0
26710000	22	2
26720000	4	1
26730000	6	0
26740000	7	0
26750000	2	6
26760000	6	0
26770000	5	4
26780000	7	3
26790000	4	0
26800000	0	0
26810000	0	0
26820000	1	0
26830000	0	0
26840000	0	0
26850000	2	0
26860000	1	0
26870000	1	0
26880000	2	0
26890000	4	1
26900000	8	0
26910000	22	0
26920000	6	0
26930000	15	0
26940000	14	0
26950000	19	0
26960000	4	0
26970000	0	1
26980000	3	0
26990000	2	0
27000000	22	0
27010000	5	1
27020000	0	0
27030000	6	0
27040000	2	0
27050000	0	0
27060000	3	0
27070000	5	0
27080000	12	0
27090000	9	0
27100000	14	0
27110000	3	0
27120000	3	0
27130000	1	0
27140000	2	0
27150000	2	0
27160000	4	0
27170000	2	0
27180000	4	0
27190000	4	0
27200000	2	0
27210000	6	0
27220000	2	0
27230000	1	0
27240000	1	0
27250000	1	0
27260000	12	0
27270000	3	0
27280000	5	0
27290000	6	0
27300000	7	0
27310000	3	0
27320000	21	1
27330000	7	1
27340000	9	2
27350000	3	1
27360000	3	0
27370000	6	0
27380000	1	0
27390000	0	1
27400000	0	0
27410000	3	3
27420000	4	0
27430000	4	0
27440000	2	0
27450000	0	0
27460000	7	0
27470000	4	0
27480000	0	0
27490000	4	0
27500000	1	0
27510000	8	1
27520000	5	0
27530000	2	0
27540000	4	0
27550000	8	0
27560000	10	2
27570000	14	1
27580000	19	5
27590000	14	0
27600000	12	0
27610000	23	1
27620000	20	1
27630000	17	0
27640000	10	8
27650000	2	0
27660000	6	7
27670000	5	14
27680000	4	0
27690000	0	1
27700000	6	3
27710000	8	0
27720000	4	1
27730000	0	0
27740000	5	1
27750000	2	0
27760000	3	3
27770000	1	0
27780000	2	0
27790000	0	0
27800000	5	1
27810000	5	1
27820000	3	0
27830000	0	0
27840000	5	0
27850000	2	0
27860000	1	0
27870000	2	0
27880000	1	0
27890000	1	0
27900000	8	0
27910000	7	0
27920000	7	0
27930000	5	1
27940000	3	0
27950000	6	1
27960000	6	0
27970000	1	1
27980000	1	0
27990000	3	0
28000000	1	0
28010000	9	0
28020000	5	0
28030000	5	0
28040000	6	0
28050000	4	0
28060000	4	0
28070000	12	0
28080000	3	0
28090000	3	0
28100000	6	0
28110000	4	0
28120000	4	2
28130000	6	0
28140000	3	0
28150000	6	0
28160000	8	0
28170000	2	1
28180000	1	0
28190000	1	0
28200000	2	0
28210000	2	1
28220000	0	0
28230000	7	0
28240000	2	1
28250000	4	0
28260000	2	0
28270000	10	0
28280000	2	3
28290000	9	0
28300000	7	0
28310000	5	3
28320000	13	5
28330000	0	1
28340000	1	5
28350000	5	7
28360000	5	1
28370000	0	1
28380000	12	7
28390000	1	0
28400000	0	0
28410000	8	0
28420000	8	3
28430000	8	0
28440000	2	0
28450000	4	0
28460000	2	0
28470000	7	0
28480000	0	1
28490000	0	0
28500000	2	1
28510000	3	0
28520000	8	0
28530000	2	0
28540000	5	1
28550000	6	2
28560000	14	2
28570000	5	2
28580000	13	2
28590000	5	1
28600000	10	5
28610000	1	2
28620000	3	1
28630000	4	0
28640000	0	0
28650000	0	3
28660000	1	0
28670000	2	0
28680000	3	2
28690000	0	1
28700000	0	0
28710000	0	0
28720000	9	1
28730000	13	4
28740000	1	0
28750000	8	3
28760000	11	4
28770000	29	4
28780000	10	0
28790000	13	0
28800000	8	0
28810000	5	3
28820000	5	3
28830000	6	0
28840000	5	0
28850000	0	1
28860000	2	1
28870000	1	0
28880000	2	3
28890000	10	6
28900000	10	1
28910000	3	2
28920000	7	0
28930000	2	0
28940000	1	0
28950000	8	1
28960000	9	3
28970000	2	0
28980000	3	1
28990000	5	5
29000000	3	2
29010000	6	2
29020000	1	1
29030000	16	1
29040000	1	0
29050000	1	0
29060000	6	1
29070000	6	3
29080000	3	1
29090000	9	2
29100000	9	0
29110000	6	0
29120000	13	3
29130000	2	1
29140000	11	14
29150000	5	3
29160000	1	0
29170000	16	8
29180000	5	0
29190000	10	0
29200000	1	2
29210000	0	0
29220000	0	0
29230000	0	0
29240000	0	0
29250000	0	0
29260000	2	0
29270000	1	5
29280000	1	3
29290000	0	3
29300000	4	1
29310000	1	0
29320000	0	2
29330000	0	0
29340000	6	0
29350000	3	1
29360000	3	1
29370000	1	0
29380000	1	1
29390000	3	1
29400000	6	2
29410000	3	2
29420000	1	0
29430000	3	2
29440000	0	0
29450000	0	0
29460000	6	1
29470000	6	0
29480000	1	0
29490000	0	0
29500000	1	1
29510000	1	0
29520000	2	1
29530000	3	0
29540000	1	0
29550000	2	0
29560000	0	1
29570000	3	2
29580000	9	7
29590000	5	3
29600000	2	0
29610000	0	0
29620000	0	0
29630000	0	0
29640000	0	0
29650000	0	0
29660000	0	0
29670000	0	1
29680000	2	1
29690000	4	0
29700000	3	0
29710000	5	3
29720000	7	8
29730000	10	2
29740000	2	3
29750000	2	0
29760000	7	0
29770000	9	1
29780000	5	6
29790000	4	0
29800000	0	2
29810000	0	0
29820000	2	0
29830000	3	0
29840000	4	3
29850000	17	4
29860000	6	4
29870000	2	1
29880000	2	0
29890000	4	1
29900000	1	2
29910000	6	1
29920000	4	5
29930000	6	11
29940000	6	5
29950000	10	3
29960000	2	1
29970000	2	1
29980000	3	2
29990000	2	1
30000000	1	0
30010000	2	0
30020000	0	0
30030000	11	0
30040000	2	0
30050000	8	4
30060000	4	1
30070000	3	2
30080000	1	0
30090000	0	0
30100000	1	1
30110000	2	1
30120000	2	0
30130000	6	7
30140000	1	1
30150000	0	0
30160000	1	0
30170000	4	1
30180000	3	0
30190000	0	1
30200000	2	1
30210000	1	1
30220000	0	2
30230000	0	0
30240000	0	0
30250000	0	0
30260000	5	0
30270000	11	3
30280000	15	10
30290000	17	12
30300000	1	2
30310000	2	2
30320000	0	3
30330000	0	0
30340000	0	0
30350000	0	0
30360000	0	0
30370000	0	0
30380000	0	0
30390000	0	0
30400000	0	0
30410000	1	0
30420000	6	1
30430000	1	3
30440000	4	1
30450000	5	5
30460000	1	1
30470000	5	4
30480000	2	1
30490000	6	0
30500000	2	3
30510000	9	1
30520000	0	1
30530000	6	0
30540000	1	0
30550000	2	1
30560000	2	4
30570000	4	0
30580000	0	1
30590000	4	1
30600000	1	1
30610000	7	3
30620000	5	2
30630000	7	5
30640000	2	0
30650000	1	0
30660000	1	1
30670000	1	1
30680000	3	4
30690000	0	0
30700000	3	0
30710000	1	1
30720000	2	1
30730000	1	2
30740000	2	0
30750000	1	0
30760000	2	1
30770000	1	0
30780000	0	3
30790000	2	0
30800000	0	0
30810000	0	0
30820000	0	1
30830000	0	1
30840000	1	0
30850000	0	0
30860000	0	0
30870000	0	1
30880000	0	0
30890000	2	1
30900000	1	2
30910000	1	1
30920000	0	0
30930000	0	0
30940000	2	0
30950000	1	0
30960000	0	0
30970000	2	0
30980000	0	2
30990000	1	0
31000000	3	2
31010000	0	2
31020000	3	2
31030000	0	0
31040000	0	1
31050000	2	2
31060000	6	6
31070000	2	0
31080000	3	6
31090000	3	0
31100000	11	5
31110000	3	6
31120000	1	2
31130000	0	1
31140000	9	1
31150000	1	1
31160000	0	0
31170000	1	2
31180000	0	1
31190000	1	4
31200000	0	2
31210000	0	3
31220000	0	2
31230000	4	0
31240000	2	1
31250000	1	4
31260000	2	1
31270000	0	1
31280000	0	0
31290000	1	0
31300000	2	5
31310000	1	2
31320000	3	0
31330000	2	4
31340000	0	0
31350000	1	1
31360000	0	0
31370000	0	0
31380000	2	0
31390000	3	1
31400000	1	2
31410000	0	1
31420000	1	1
31430000	0	0
31440000	0	0
31450000	0	0
31460000	0	0
31470000	0	0
31480000	0	0
31490000	0	0
31500000	0	0
31510000	0	0
31520000	1	0
31530000	0	0
31540000	0	0
31550000	0	0
31560000	0	0
31570000	0	0
31580000	0	0
31590000	0	0
31600000	0	0
31610000	0	0
31620000	0	0
31630000	0	0
31640000	0	0
31650000	0	0
31660000	1	0
31670000	0	0
31680000	0	0
31690000	0	1
31700000	0	0
31710000	0	0
31720000	0	0
31730000	0	0
31740000	0	0
31750000	0	0
31760000	0	0
31770000	0	0
31780000	0	0
31790000	0	0
31800000	0	0
31810000	0	0
31820000	0	0
31830000	0	0
31840000	0	0
31850000	0	0
31860000	0	0
31870000	0	0
31880000	0	0
31890000	0	0
31900000	0	0
31910000	0	0
31920000	0	0
31930000	0	0
31940000	0	0
31950000	0	0
31960000	0	0
31970000	0	0
31980000	0	0
31990000	0	0
32000000	0	0
32010000	0	0
32020000	0	0
32030000	10	9
32040000	8	12
32050000	0	0
32060000	1	1
32070000	0	0
32080000	1	0
32090000	0	0
32100000	1	3
32110000	2	5
32120000	4	2
32130000	2	3
32140000	1	1
32150000	4	4
32160000	0	0
32170000	0	0
32180000	0	0
32190000	0	0
32200000	0	0
32210000	0	0
32220000	0	0
32230000	0	0
32240000	0	0
32250000	0	1
32260000	0	0
32270000	0	0
32280000	0	0
32290000	0	0
32300000	0	0
32310000	0	0
32320000	0	2
32330000	0	0
32340000	0	0
32350000	0	0
32360000	0	0
32370000	0	0
32380000	0	0
32390000	0	0
32400000	0	0
32410000	0	0
32420000	0	0
32430000	0	0
32440000	0	0
32450000	0	0
32460000	0	0
32470000	0	0
32480000	0	0
32490000	0	1
32500000	0	0
32510000	1	0
32520000	0	0
32530000	0	0
32540000	0	0
32550000	0	0
32560000	0	0
32570000	0	0
32580000	0	0
32590000	0	0
32600000	0	0
32610000	0	0
32620000	0	0
32630000	0	0
32640000	0	0
32650000	0	0
32660000	0	0
32670000	0	0
32680000	0	0
32690000	0	1
32700000	1	0
32710000	0	0
32720000	0	0
32730000	0	0
32740000	0	0
32750000	0	0
32760000	0	1
32770000	0	0
32780000	1	0
32790000	0	0
32800000	0	0
32810000	0	0
32820000	0	0
32830000	0	0
32840000	0	0
32850000	0	0
32860000	1	0
32870000	0	0
32880000	1	0
32890000	0	0
32900000	7	3
32910000	0	0
32920000	1	1
32930000	2	0
32940000	0	1
32950000	1	4
32960000	0	1
32970000	1	0
32980000	0	1
32990000	0	1
33000000	3	2
33010000	0	0
33020000	0	1
33030000	0	1
33040000	3	3
33050000	1	0
33060000	1	1
33070000	3	1
33080000	0	0
33090000	1	1
33100000	1	3
33110000	1	2
33120000	3	1
33130000	3	1
33140000	2	4
33150000	0	0
33160000	3	4
33170000	0	1
33180000	1	4
33190000	1	0
33200000	1	1
33210000	0	0
33220000	1	1
33230000	2	4
33240000	3	5
33250000	2	3
33260000	1	1
33270000	0	0
33280000	0	1
33290000	1	0
33300000	0	2
33310000	3	6
33320000	0	1
33330000	1	1
33340000	2	0
33350000	2	1
33360000	0	1
33370000	1	0
33380000	2	1
33390000	0	1
33400000	0	0
33410000	2	0
33420000	2	2
33430000	2	0
33440000	2	8
33450000	0	1
33460000	0	0
33470000	3	2
33480000	0	1
33490000	1	0
33500000	0	1
33510000	2	2
33520000	0	0
33530000	1	0
33540000	1	2
33550000	3	1
33560000	1	1
33570000	1	3
33580000	0	0
33590000	0	0
33600000	0	0
33610000	0	0
33620000	0	0
33630000	0	0
33640000	0	0
33650000	0	0
33660000	0	0
33670000	0	0
33680000	0	0
33690000	0	0
33700000	0	0
33710000	0	0
33720000	0	2
33730000	0	0
33740000	0	0
33750000	0	0
33760000	0	1
33770000	0	0
33780000	0	0
33790000	0	0
33800000	0	0
33810000	0	0
33820000	0	0
33830000	0	0
33840000	0	0
33850000	0	0
33860000	0	0
33870000	0	0
33880000	0	0
33890000	0	0
33900000	0	0
33910000	0	0
33920000	0	0
33930000	0	0
33940000	0	0
33950000	0	0
33960000	0	0
33970000	1	0
33980000	0	0
33990000	0	0
34000000	0	0
34010000	0	0
34020000	0	0
34030000	0	0
34040000	0	0
34050000	0	0
34060000	0	0
34070000	0	0
34080000	0	0
34090000	0	1
34100000	0	0
34110000	0	1
34120000	1	1
34130000	0	0
34140000	0	1
34150000	0	0
34160000	0	0
34170000	0	0
34180000	0	0
34190000	0	2
34200000	8	8
34210000	3	2
34220000	1	4
34230000	1	1
34240000	0	0
34250000	1	0
34260000	0	0
34270000	0	0
34280000	0	0
34290000	1	0
34300000	0	0
34310000	0	0
34320000	0	0
34330000	0	0
34340000	0	0
34350000	0	0
34360000	1	0
34370000	0	2
34380000	1	3
34390000	10	10
34400000	10	8
34410000	2	2
34420000	2	8
34430000	5	0
34440000	2	3
34450000	1	1
34460000	0	1
34470000	1	3
34480000	0	2
34490000	1	3
34500000	1	5
34510000	2	1
34520000	0	2
34530000	4	4
34540000	1	6
34550000	5	6
34560000	2	8
34570000	3	10
34580000	1	1
34590000	0	2
34600000	2	0
34610000	0	0
34620000	1	0
34630000	0	0
34640000	0	0
34650000	0	0
34660000	2	1
34670000	2	1
34680000	1	0
34690000	2	3
34700000	2	2
34710000	4	15
34720000	3	1
34730000	1	2
34740000	3	3
34750000	0	3
34760000	0	2
34770000	2	4
34780000	0	0
34790000	0	2
34800000	0	4
34810000	1	5
34820000	1	0
34830000	1	0
34840000	2	3
34850000	3	6
34860000	0	1
34870000	1	1
34880000	2	2
34890000	0	2
34900000	1	2
34910000	0	1
34920000	0	0
34930000	0	0
34940000	1	0
34950000	0	1
34960000	0	1
34970000	0	3
34980000	0	2
34990000	1	2
35000000	0	2
35010000	1	2
35020000	0	1
35030000	0	1
35040000	0	2
35050000	0	1
35060000	2	5
35070000	5	6
35080000	4	0
35090000	0	0
35100000	0	1
35110000	0	0
35120000	1	1
35130000	1	0
35140000	0	0
35150000	0	0
35160000	1	1
35170000	1	1
35180000	0	3
35190000	2	4
35200000	1	1
35210000	2	3
35220000	0	0
35230000	0	0
35240000	2	1
35250000	14	7
35260000	8	13
35270000	0	0
35280000	1	1
35290000	0	3
35300000	0	3
35310000	0	0
35320000	0	0
35330000	0	0
35340000	1	2
35350000	1	1
35360000	0	0
35370000	0	0
35380000	5	7
35390000	2	6
35400000	1	5
35410000	8	0
35420000	0	2
35430000	1	3
35440000	1	7
35450000	3	2
35460000	1	7
35470000	2	0
35480000	0	3
35490000	1	2
35500000	1	1
35510000	6	1
35520000	0	0
35530000	0	1
35540000	1	0
35550000	0	0
35560000	1	0
35570000	0	3
35580000	1	7
35590000	0	2
35600000	0	1
35610000	0	0
35620000	0	0
35630000	0	0
35640000	0	0
35650000	0	0
35660000	0	0
35670000	3	2
35680000	0	1
35690000	2	1
35700000	1	0
35710000	1	0
35720000	6	2
35730000	1	4
35740000	2	0
35750000	1	5
35760000	10	11
35770000	3	12
35780000	1	0
35790000	4	3
35800000	0	0
35810000	3	0
35820000	0	0
35830000	2	0
35840000	0	3
35850000	0	0
35860000	0	0
35870000	0	0
35880000	0	0
35890000	0	0
35900000	0	0
35910000	0	0
35920000	0	0
35930000	0	0
35940000	0	0
35950000	0	0
35960000	0	0
35970000	0	0
35980000	0	0
35990000	0	0
36000000	1	0
36010000	0	0
36020000	0	1
36030000	1	1
36040000	2	1
36050000	0	0
36060000	1	2
36070000	0	0
36080000	0	0
36090000	1	1
36100000	0	6
36110000	0	1
36120000	1	2
36130000	0	0
36140000	0	1
36150000	0	3
36160000	0	0
36170000	3	3
36180000	0	2
36190000	0	0
36200000	1	0
36210000	1	5
36220000	3	4
36230000	0	7
36240000	1	3
36250000	0	15
36260000	0	0
36270000	0	6
36280000	0	1
36290000	1	0
36300000	2	0
36310000	0	3
36320000	1	7
36330000	8	9
36340000	5	5
36350000	0	0
36360000	3	1
36370000	1	0
36380000	0	0
36390000	0	0
36400000	0	0
36410000	2	1
36420000	3	7
36430000	1	3
36440000	0	0
36450000	0	2
36460000	1	4
36470000	1	1
36480000	0	0
36490000	1	2
36500000	0	0
36510000	1	3
36520000	0	2
36530000	1	0
36540000	0	1
36550000	1	0
36560000	1	8
36570000	0	0
36580000	2	8
36590000	0	4
36600000	0	3
36610000	2	3
36620000	0	0
36630000	0	2
36640000	1	3
36650000	1	3
36660000	0	2
36670000	0	1
36680000	6	7
36690000	2	3
36700000	3	5
36710000	1	3
36720000	1	0
36730000	1	0
36740000	1	2
36750000	0	0
36760000	0	1
36770000	0	1
36780000	1	2
36790000	0	3
36800000	0	4
36810000	0	4
36820000	0	1
36830000	0	0
36840000	0	1
36850000	0	1
36860000	0	0
36870000	0	3
36880000	1	3
36890000	1	1
36900000	0	0
36910000	0	0
36920000	0	0
36930000	0	2
36940000	0	0
36950000	2	2
36960000	0	0
36970000	0	2
36980000	0	2
36990000	0	0
37000000	0	5
37010000	0	2
37020000	0	1
37030000	0	1
37040000	1	1
37050000	0	1
37060000	0	0
37070000	1	0
37080000	0	1
37090000	1	4
37100000	0	1
37110000	0	2
37120000	0	0
37130000	0	4
37140000	0	2
37150000	3	0
37160000	2	2
37170000	3	11
37180000	0	2
37190000	1	0
37200000	3	0
37210000	1	5
37220000	1	6
37230000	0	3
37240000	0	4
37250000	1	7
37260000	0	3
37270000	0	3
37280000	2	4
37290000	1	1
37300000	0	2
37310000	0	3
37320000	0	1
37330000	0	3
37340000	0	2
37350000	1	0
37360000	0	0
37370000	0	2
37380000	2	7
37390000	0	1
37400000	0	3
37410000	0	0
37420000	0	3
37430000	0	6
37440000	1	4
37450000	0	3
37460000	0	0
37470000	0	2
37480000	1	1
37490000	0	2
37500000	0	4
37510000	0	2
37520000	2	1
37530000	0	0
37540000	0	2
37550000	0	8
37560000	0	5
37570000	0	8
37580000	0	4
37590000	0	9
37600000	1	1
37610000	0	1
37620000	0	3
37630000	0	1
37640000	0	1
37650000	0	0
37660000	0	0
37670000	0	4
37680000	0	3
37690000	0	0
37700000	0	1
37710000	0	0
37720000	0	1
37730000	0	2
37740000	0	2
37750000	1	1
37760000	0	1
37770000	0	4
37780000	0	1
37790000	1	0
37800000	0	1
37810000	0	0
37820000	0	2
37830000	0	2
37840000	0	0
37850000	1	0
37860000	0	2
37870000	0	0
37880000	0	1
37890000	0	0
37900000	0	0
37910000	0	0
37920000	0	0
37930000	0	3
37940000	1	0
37950000	0	0
37960000	0	0
37970000	0	0
37980000	0	0
37990000	0	0
38000000	0	0
38010000	0	0
38020000	0	0
38030000	0	2
38040000	0	2
38050000	0	1
38060000	0	2
38070000	0	0
38080000	0	3
38090000	0	0
38100000	1	4
38110000	1	3
38120000	0	0
38130000	0	0
38140000	0	0
38150000	0	4
38160000	0	1
38170000	0	4
38180000	0	1
38190000	0	0
38200000	0	0
38210000	0	1
38220000	1	2
38230000	0	1
38240000	0	0
38250000	0	0
38260000	0	2
38270000	0	1
38280000	0	1
38290000	0	1
38300000	0	0
38310000	2	2
38320000	0	0
38330000	0	1
38340000	0	1
38350000	0	1
38360000	0	0
38370000	0	0
38380000	1	1
38390000	0	1
38400000	0	1
38410000	0	2
38420000	0	2
38430000	0	0
38440000	0	0
38450000	0	2
38460000	1	2
38470000	0	7
38480000	0	5
38490000	0	0
38500000	0	0
38510000	0	0
38520000	0	0
38530000	0	0
38540000	0	0
38550000	0	0
38560000	0	0
38570000	0	0
38580000	0	0
38590000	0	0
38600000	0	0
38610000	0	0
38620000	0	0
38630000	0	0
38640000	0	0
38650000	0	0
38660000	1	0
38670000	0	0
38680000	0	0
38690000	0	0
38700000	0	1
38710000	0	1
38720000	0	4
38730000	0	1
38740000	0	0
38750000	0	1
38760000	0	2
38770000	0	0
38780000	0	2
38790000	0	4
38800000	0	7
38810000	0	2
38820000	0	4
38830000	0	4
38840000	0	2
38850000	0	1
38860000	0	2
38870000	0	3
38880000	0	3
38890000	1	2
38900000	0	1
38910000	0	1
38920000	0	7
38930000	1	7
38940000	0	6
38950000	1	0
38960000	0	2
38970000	0	1
38980000	0	4
38990000	0	0
39000000	1	8
39010000	0	2
39020000	0	0
39030000	0	1
39040000	1	3
39050000	0	1
39060000	0	0
39070000	0	7
39080000	1	1
39090000	0	0
39100000	1	3
39110000	2	4
39120000	0	0
39130000	0	0
39140000	0	1
39150000	0	1
39160000	0	2
39170000	0	1
39180000	1	1
39190000	0	8
39200000	0	3
39210000	0	0
39220000	0	1
39230000	0	0
39240000	0	0
39250000	0	0
39260000	0	0
39270000	0	0
39280000	0	1
39290000	0	0
39300000	0	7
39310000	0	1
39320000	0	1
39330000	0	2
39340000	0	1
39350000	0	0
39360000	0	0
39370000	0	0
39380000	0	0
39390000	0	0
39400000	0	0
39410000	0	0
39420000	0	0
39430000	0	0
39440000	0	0
39450000	0	0
39460000	0	0
39470000	0	3
39480000	0	0
39490000	0	0
39500000	0	7
39510000	0	1
39520000	0	5
39530000	0	0
39540000	0	0
39550000	0	0
39560000	0	0
39570000	0	0
39580000	0	0
39590000	0	0
39600000	0	0
39610000	0	0
39620000	0	0
39630000	0	1
39640000	0	1
39650000	0	0
39660000	0	0
39670000	0	1
39680000	0	1
39690000	0	0
39700000	0	0
39710000	0	0
39720000	0	1
39730000	0	0
39740000	0	0
39750000	0	0
39760000	0	0
39770000	0	0
39780000	0	0
39790000	0	1
39800000	1	3
39810000	0	3
39820000	0	0
39830000	0	0
39840000	0	2
39850000	1	2
39860000	0	4
39870000	0	0
39880000	0	1
39890000	0	1
39900000	0	0
39910000	0	0
39920000	0	1
39930000	0	1
39940000	0	6
39950000	0	2
39960000	0	1
39970000	0	1
39980000	0	0
39990000	1	1
40000000	0	1
40010000	0	0
40020000	1	0
40030000	0	0
40040000	1	4
40050000	0	0
40060000	0	0
40070000	3	0
40080000	0	0
40090000	0	8
40100000	0	1
40110000	0	1
40120000	0	0
40130000	0	0
40140000	0	0
40150000	1	0
40160000	0	1
40170000	0	1
40180000	0	0
40190000	0	2
40200000	0	0
40210000	0	0
40220000	0	0
40230000	0	1
40240000	0	2
40250000	0	0
40260000	0	1
40270000	0	4
40280000	0	0
40290000	0	0
40300000	0	0
40310000	1	1
40320000	0	4
40330000	2	1
40340000	0	4
40350000	0	1
40360000	0	2
40370000	0	1
40380000	1	1
40390000	0	0
40400000	0	0
40410000	0	0
40420000	0	0
40430000	0	1
40440000	0	1
40450000	0	5
40460000	1	7
40470000	1	4
40480000	0	3
40490000	0	1
40500000	0	1
40510000	0	2
40520000	0	2
40530000	0	3
40540000	0	3
40550000	0	4
40560000	1	2
40570000	1	0
40580000	1	1
40590000	0	1
40600000	0	0
40610000	0	0
40620000	0	0
40630000	0	0
40640000	0	0
40650000	0	0
40660000	0	0
40670000	0	0
40680000	0	0
40690000	0	0
40700000	0	0
40710000	0	0
40720000	0	0
40730000	1	1
40740000	1	7
40750000	0	6
40760000	0	0
40770000	0	0
40780000	0	0
40790000	0	0
40800000	0	0
40810000	0	2
40820000	0	4
40830000	0	1
40840000	0	2
40850000	0	2
40860000	0	2
40870000	0	0
40880000	0	0
40890000	0	1
40900000	0	2
40910000	0	1
40920000	0	0
40930000	0	1
40940000	0	2
40950000	1	0
40960000	1	1
40970000	1	1
40980000	0	1
40990000	0	0
41000000	0	1
41010000	0	1
41020000	0	0
41030000	0	0
41040000	0	3
41050000	0	0
41060000	0	0
41070000	0	0
41080000	0	0
41090000	0	1
41100000	0	1
41110000	0	1
41120000	0	0
41130000	0	0
41140000	0	1
41150000	0	1
41160000	0	1
41170000	0	2
41180000	0	0
41190000	0	6
41200000	0	1
41210000	0	2
41220000	0	0
41230000	0	0
41240000	0	2
41250000	0	1
41260000	0	1
41270000	0	0
41280000	1	1
41290000	0	2
41300000	0	2
41310000	0	0
41320000	0	1
41330000	0	1
41340000	0	0
41350000	0	0
41360000	0	2
41370000	0	4
41380000	0	1
41390000	0	0
41400000	0	0
41410000	0	0
41420000	0	0
41430000	0	1
41440000	1	1
41450000	0	2
41460000	0	1
41470000	0	1
41480000	0	1
41490000	0	4
41500000	0	1
41510000	0	1
41520000	0	2
41530000	0	1
41540000	1	2
41550000	0	2
41560000	0	0
41570000	0	0
41580000	0	3
41590000	1	2
41600000	0	1
41610000	0	3
41620000	0	0
41630000	0	2
41640000	0	1
41650000	0	3
41660000	0	0
41670000	0	0
41680000	0	0
41690000	0	0
41700000	0	0
41710000	0	0
41720000	0	0
41730000	0	0
41740000	0	0
41750000	0	0
41760000	0	0
41770000	0	0
41780000	0	0
41790000	0	0
41800000	0	0
41810000	0	0
41820000	0	0
41830000	0	0
41840000	0	1
41850000	0	0
41860000	0	0
41870000	0	0
41880000	2	1
41890000	0	1
41900000	0	0
41910000	0	0
41920000	0	0
41930000	1	1
41940000	0	0
41950000	0	4
41960000	0	0
41970000	0	4
41980000	0	3
41990000	0	0
42000000	1	0
42010000	0	4
42020000	0	2
42030000	1	5
42040000	0	3
42050000	0	1
42060000	0	1
42070000	1	2
42080000	0	5
42090000	1	3
42100000	0	1
42110000	0	2
42120000	0	1
42130000	1	1
42140000	0	1
42150000	0	1
42160000	0	0
42170000	0	0
42180000	0	0
42190000	0	1
42200000	0	0
42210000	0	0
42220000	0	0
42230000	0	0
42240000	0	1
42250000	0	0
42260000	0	4
42270000	0	0
42280000	1	0
42290000	0	0
42300000	0	0
42310000	0	1
42320000	3	2
42330000	0	2
42340000	0	0
42350000	0	0
42360000	0	2
42370000	0	7
42380000	0	0
42390000	0	10
42400000	1	4
42410000	0	9
42420000	0	0
42430000	0	1
42440000	2	10
42450000	0	3
42460000	3	5
42470000	0	0
42480000	0	1
42490000	0	1
42500000	0	1
42510000	0	1
42520000	0	0
42530000	1	1
42540000	0	2
42550000	1	0
42560000	0	0
42570000	1	6
42580000	0	3
42590000	0	2
42600000	0	2
42610000	2	6
42620000	0	2
42630000	1	2
42640000	0	4
42650000	0	1
42660000	0	1
42670000	0	5
42680000	0	1
42690000	0	1
42700000	1	3
42710000	0	0
42720000	0	1
42730000	0	1
42740000	0	1
42750000	0	2
42760000	0	2
42770000	0	1
42780000	0	0
42790000	2	4
42800000	0	3
42810000	0	0
42820000	0	2
42830000	0	3
42840000	0	3
42850000	0	1
42860000	1	3
42870000	0	2
42880000	0	3
42890000	0	0
42900000	0	0
42910000	0	0
42920000	0	0
42930000	1	0
42940000	1	1
42950000	0	2
42960000	0	1
42970000	0	3
42980000	0	3
42990000	0	1
43000000	0	0
43010000	0	0
43020000	0	0
43030000	1	0
43040000	0	0
43050000	0	2
43060000	1	3
43070000	0	0
43080000	0	0
43090000	0	1
43100000	1	4
43110000	0	1
43120000	2	1
43130000	0	0
43140000	0	0
43150000	0	1
43160000	0	1
43170000	0	6
43180000	0	2
43190000	0	2
43200000	1	0
43210000	0	4
43220000	0	0
43230000	0	3
43240000	0	0
43250000	0	2
43260000	0	7
43270000	0	0
43280000	0	2
43290000	0	1
43300000	0	0
43310000	0	2
43320000	0	1
43330000	0	1
43340000	0	0
43350000	1	4
43360000	1	2
43370000	0	5
43380000	0	0
43390000	0	1
43400000	1	5
43410000	2	1
43420000	1	7
43430000	0	0
43440000	0	1
43450000	0	2
43460000	0	1
43470000	0	0
43480000	0	0
43490000	2	2
43500000	0	0
43510000	0	1
43520000	0	1
43530000	0	3
43540000	0	0
43550000	0	1
43560000	0	1
43570000	0	5
43580000	0	0
43590000	0	0
43600000	0	2
43610000	1	4
43620000	0	9
43630000	0	8
43640000	1	1
43650000	1	3
43660000	1	1
43670000	0	4
43680000	0	3
43690000	0	6
43700000	0	0
43710000	3	10
43720000	0	2
43730000	0	1
43740000	0	0
43750000	1	9
43760000	0	9
43770000	14	46
43780000	6	14
43790000	0	10
43800000	0	2
43810000	0	3
43820000	1	0
43830000	0	0
43840000	0	5
43850000	1	0
43860000	0	0
43870000	0	0
43880000	0	0
43890000	0	0
43900000	1	3
43910000	0	11
43920000	0	3
43930000	0	4
43940000	1	3
43950000	0	3
43960000	0	0
43970000	0	2
43980000	0	1
43990000	0	1
44000000	0	1
44010000	0	3
44020000	0	0
44030000	0	0
44040000	0	0
44050000	0	1
44060000	0	2
44070000	0	2
44080000	0	4
44090000	0	3
44100000	0	3
44110000	0	0
44120000	0	0
44130000	0	0
44140000	0	0
44150000	0	0
44160000	0	0
44170000	0	2
44180000	1	1
44190000	0	0
44200000	0	2
44210000	0	4
44220000	0	1
44230000	0	1
44240000	0	5
44250000	1	2
44260000	0	4
44270000	0	0
44280000	0	2
44290000	0	5
44300000	0	0
44310000	0	4
44320000	1	2
44330000	0	2
44340000	0	4
44350000	0	1
44360000	0	1
44370000	0	1
44380000	0	3
44390000	1	2
44400000	0	4
44410000	0	0
44420000	0	7
44430000	0	2
44440000	0	1
44450000	0	3
44460000	1	3
44470000	0	5
44480000	0	4
44490000	0	3
44500000	0	0
44510000	0	0
44520000	0	1
44530000	0	0
44540000	0	1
44550000	0	1
44560000	0	0
44570000	0	2
44580000	0	2
44590000	0	1
44600000	0	1
44610000	0	4
44620000	1	3
44630000	2	3
44640000	0	1
44650000	0	2
44660000	0	1
44670000	0	0
44680000	2	1
44690000	0	3
44700000	0	0
44710000	0	3
44720000	0	0
44730000	0	2
44740000	0	3
44750000	0	0
44760000	1	4
44770000	0	1
44780000	1	4
44790000	1	5
44800000	0	3
44810000	0	8
44820000	0	0
44830000	1	0
44840000	1	6
44850000	0	0
44860000	0	1
44870000	0	3
44880000	1	5
44890000	0	0
44900000	0	2
44910000	2	2
44920000	0	0
44930000	0	1
44940000	0	1
44950000	0	0
44960000	0	6
44970000	0	1
44980000	0	3
44990000	0	7
45000000	0	2
45010000	0	3
45020000	0	0
45030000	0	1
45040000	0	0
45050000	0	1
45060000	0	0
45070000	0	2
45080000	0	0
45090000	0	5
45100000	0	5
45110000	0	0
45120000	1	4
45130000	0	2
45140000	0	5
45150000	2	2
45160000	2	4
45170000	1	1
45180000	3	25
45190000	1	12
45200000	0	0
45210000	0	1
45220000	0	0
45230000	0	1
45240000	1	7
45250000	0	3
45260000	0	1
45270000	0	1
45280000	0	2
45290000	0	1
45300000	1	3
45310000	0	0
45320000	0	4
45330000	0	4
45340000	0	1
45350000	0	2
45360000	0	12
45370000	0	0
45380000	0	3
45390000	0	2
45400000	0	1
45410000	0	1
45420000	0	1
45430000	0	1
45440000	0	2
45450000	0	0
45460000	0	0
45470000	1	1
45480000	0	1
45490000	0	8
45500000	0	1
45510000	0	3
45520000	0	0
45530000	0	0
45540000	0	2
45550000	0	2
45560000	0	0
45570000	0	7
45580000	1	1
45590000	0	0
45600000	0	0
45610000	0	2
45620000	0	0
45630000	0	0
45640000	1	0
45650000	1	1
45660000	0	0
45670000	1	3
45680000	0	1
45690000	0	0
45700000	0	0
45710000	0	0
45720000	1	0
45730000	0	1
45740000	0	0
45750000	2	1
45760000	1	1
45770000	0	3
45780000	0	0
45790000	0	4
45800000	0	1
45810000	0	1
45820000	0	0
45830000	0	2
45840000	0	0
45850000	0	3
45860000	0	12
45870000	1	4
45880000	2	2
45890000	0	7
45900000	0	4
45910000	0	4
45920000	3	3
45930000	0	11
45940000	2	5
45950000	0	2
45960000	0	4
45970000	0	0
45980000	0	1
45990000	0	2
46000000	0	1
46010000	0	2
46020000	1	2
46030000	0	0
46040000	0	3
46050000	0	1
46060000	0	0
46070000	0	2
46080000	0	4
46090000	0	2
46100000	0	3
46110000	0	3
46120000	1	6
46130000	1	2
46140000	1	0
46150000	0	0
46160000	3	1
46170000	1	4
46180000	0	11
46190000	0	1
46200000	0	5
46210000	0	2
46220000	0	0
46230000	0	0
46240000	2	3
46250000	0	2
46260000	0	3
46270000	0	6
46280000	0	4
46290000	0	5
46300000	1	3
46310000	0	9
46320000	0	3
46330000	0	1
46340000	0	2
46350000	2	5
46360000	0	1
46370000	0	0
46380000	0	7
46390000	0	1
46400000	0	0
46410000	0	1
46420000	0	3
46430000	0	0
46440000	0	2
46450000	0	1
46460000	0	3
46470000	0	0
46480000	0	4
46490000	0	3
46500000	0	3
46510000	0	10
46520000	0	2
46530000	0	0
46540000	0	3
46550000	4	4
46560000	0	3
46570000	0	1
46580000	0	5
46590000	0	6
46600000	2	0
46610000	1	1
46620000	0	3
46630000	1	1
46640000	1	9
46650000	3	10
46660000	0	2
46670000	2	0
46680000	0	6
46690000	0	11
46700000	0	2
46710000	0	2
46720000	2	11
46730000	1	3
46740000	1	3
46750000	0	0
46760000	0	3
46770000	1	2
46780000	0	3
46790000	0	4
46800000	3	31
46810000	0	9
46820000	0	3
46830000	0	5
46840000	0	1
46850000	0	1
46860000	1	6
46870000	0	4
46880000	0	4
46890000	1	1
46900000	0	2
46910000	0	2
46920000	0	2
46930000	0	5
46940000	1	3
46950000	0	0
46960000	0	3
46970000	0	5
46980000	0	2
46990000	0	0
47000000	0	4
47010000	0	7
47020000	1	4
47030000	0	0
47040000	0	3
47050000	0	1
47060000	0	0
47070000	0	0
47080000	0	0
47090000	0	0
47100000	0	4
47110000	0	6
47120000	0	1
47130000	0	0
47140000	0	1
47150000	0	5
47160000	0	3
47170000	0	1
47180000	0	0
47190000	0	1
47200000	0	1
47210000	1	4
47220000	1	5
47230000	1	2
47240000	0	1
47250000	1	2
47260000	0	0
47270000	0	6
47280000	1	0
47290000	2	5
47300000	0	5
47310000	0	1
47320000	0	4
47330000	1	9
47340000	3	6
47350000	0	1
47360000	2	3
47370000	0	7
47380000	0	2
47390000	0	1
47400000	0	2
47410000	0	2
47420000	1	3
47430000	1	7
47440000	0	3
47450000	0	3
47460000	0	0
47470000	2	3
47480000	0	4
47490000	1	8
47500000	0	3
47510000	0	4
47520000	0	3
47530000	0	1
47540000	2	6
47550000	0	4
47560000	0	6
47570000	0	3
47580000	1	10
47590000	1	0
47600000	0	1
47610000	1	0
47620000	0	4
47630000	4	2
47640000	0	5
47650000	1	4
47660000	0	8
47670000	0	3
47680000	1	5
47690000	0	3
47700000	0	9
47710000	3	6
47720000	0	6
47730000	1	5
47740000	1	4
47750000	0	7
47760000	0	1
47770000	1	0
47780000	1	5
47790000	0	12
47800000	0	3
47810000	0	6
47820000	0	7
47830000	0	18
47840000	0	3
47850000	0	3
47860000	0	5
47870000	0	2
47880000	0	2
47890000	1	2
47900000	0	7
47910000	0	6
47920000	1	5
47930000	1	4
47940000	1	4
47950000	1	4
47960000	0	3
47970000	0	1
47980000	0	2
47990000	0	2
48000000	0	1
48010000	0	14
48020000	0	3
48030000	0	4
48040000	0	1
48050000	0	2
48060000	0	2
48070000	0	7
48080000	0	2
48090000	0	5
48100000	0	5
48110000	2	13
48120000	2	6
48130000	0	3
48140000	2	4
48150000	1	4
48160000	2	0
48170000	2	4
48180000	2	1
48190000	0	10
48200000	0	9
48210000	1	6
48220000	0	19
48230000	0	5
48240000	0	5
48250000	0	2
48260000	0	1
48270000	0	8
48280000	0	8
48290000	2	7
48300000	7	11
48310000	0	8
48320000	0	3
48330000	3	8
48340000	0	6
48350000	3	3
48360000	0	2
48370000	1	9
48380000	0	7
48390000	0	3
48400000	2	1
48410000	0	6
48420000	0	2
48430000	0	0
48440000	1	8
48450000	0	11
48460000	0	2
48470000	0	28
48480000	2	9
48490000	0	8
48500000	3	7
48510000	4	10
48520000	0	2
48530000	0	11
48540000	0	5
48550000	0	2
48560000	2	1
48570000	0	6
48580000	0	1
48590000	0	2
48600000	0	3
48610000	6	3
48620000	6	4
48630000	0	2
48640000	0	8
48650000	0	1
48660000	1	1
48670000	0	9
48680000	0	4
48690000	2	5
48700000	2	19
48710000	0	4
48720000	0	2
48730000	0	1
48740000	2	5
48750000	0	1
48760000	0	4
48770000	1	15
48780000	0	6
48790000	2	9
48800000	1	12
48810000	0	5
48820000	1	1
48830000	0	3
48840000	0	2
48850000	0	2
48860000	0	0
48870000	0	2
48880000	0	1
48890000	1	15
48900000	1	8
48910000	0	3
48920000	0	6
48930000	1	7
48940000	4	8
48950000	2	2
48960000	0	9
48970000	1	5
48980000	1	5
48990000	0	2
49000000	2	6
49010000	1	6
49020000	1	5
49030000	0	15
49040000	0	3
49050000	2	3
49060000	0	0
49070000	0	0
49080000	0	2
49090000	0	2
49100000	0	0
49110000	0	0
49120000	0	0
49130000	0	4
49140000	0	2
49150000	0	0
49160000	0	0
49170000	0	1
49180000	1	6
49190000	0	11
49200000	1	5
49210000	1	3
49220000	0	0
49230000	0	5
49240000	0	1
49250000	0	11
49260000	0	4
49270000	1	9
49280000	0	6
49290000	1	1
49300000	3	5
49310000	1	3
49320000	0	0
49330000	0	4
49340000	0	1
49350000	0	6
49360000	1	2
49370000	1	5
49380000	0	5
49390000	0	1
49400000	2	5
49410000	0	4
49420000	1	0
49430000	0	3
49440000	0	9
49450000	0	1
49460000	0	1
49470000	0	23
49480000	0	0
49490000	1	0
49500000	1	0
49510000	0	1
49520000	0	0
49530000	0	7
49540000	7	10
49550000	3	9
49560000	0	3
49570000	1	0
49580000	1	1
49590000	6	7
49600000	2	2
49610000	5	9
49620000	1	8
49630000	0	8
49640000	1	4
49650000	1	3
49660000	2	10
49670000	3	1
49680000	0	8
49690000	0	0
49700000	0	0
49710000	0	3
49720000	2	9
49730000	0	4
49740000	0	8
49750000	2	3
49760000	0	1
49770000	2	1
49780000	0	3
49790000	0	1
49800000	0	9
49810000	1	1
49820000	1	4
49830000	0	2
49840000	0	5
49850000	0	2
49860000	1	3
49870000	0	2
49880000	0	1
49890000	0	0
49900000	0	0
49910000	0	2
49920000	0	0
49930000	0	2
49940000	0	1
49950000	0	1
49960000	0	2
49970000	1	1
49980000	1	0
49990000	0	1
