position	numhm	numht	length
5159	0	0	5159
62472	1	0	57313
69494	0	0	7022
89236	0	0	19742
99493	0	0	10257
106662	0	0	7169
128921	0	0	22259
129743	0	0	822
185279	0	0	55536
243979	0	1	58700
246241	0	0	2262
256678	0	0	10437
274085	0	0	17407
300442	3	8	26357
339279	23	48	38837
339808	0	2	529
342380	6	9	2572
343591	0	4	1211
345115	2	0	1524
353300	5	6	8185
365081	7	8	11781
366759	0	1	1678
378189	8	8	11430
382641	0	2	4452
422058	35	42	39417
427439	0	0	5381
440244	4	6	12805
469820	0	0	29576
540310	0	3	70490
543743	0	0	3433
549119	0	0	5376
636985	27	36	87866
637621	0	0	636
638360	0	0	739
654498	5	23	16138
667115	7	5	12617
673247	2	0	6132
688501	23	41	15254
689769	0	0	1268
732593	18	10	42824
768595	19	29	36002
810026	0	0	41431
857604	0	2	47578
866596	0	0	8992
887322	0	0	20726
887745	0	0	423
913763	0	2	26018
937744	3	6	23981
957479	11	13	19735
966550	0	0	9071
971660	0	0	5110
972660	0	0	1000
1004298	0	0	31638
1049035	2	1	44737
1054136	0	0	5101
1087005	0	5	32869
1100571	0	0	13566
1101446	0	0	875
1103436	0	0	1990
1107329	0	0	3893
1120936	0	0	13607
1169966	1	2	49030
1189528	2	0	19562
1214316	0	0	24788
1243267	0	18	28951
1246207	0	1	2940
1265740	0	5	19533
1267076	0	0	1336
1287641	1	0	20565
1289263	0	0	1622
1290642	2	0	1379
1291170	0	0	528
1292386	0	0	1216
1313937	0	11	21551
1314801	0	0	864
1319901	0	0	5100
1320817	0	0	916
1325120	0	0	4303
1326530	0	0	1410
1328460	0	0	1930
1362766	0	6	34306
1407008	0	3	44242
1448589	0	7	41581
1490129	0	4	41540
1531683	0	6	41554
1573093	0	0	41410
1614391	1	10	41298
1656156	0	1	41765
1660798	0	0	4642
1662449	0	0	1651
1665862	0	0	3413
1666667	0	0	805
1676074	0	0	9407
1676959	0	0	885
1687025	0	0	10066
1689283	0	1	2258
1698142	0	0	8859
1705580	0	0	7438
1706298	0	0	718
1711621	0	0	5323
1719240	0	0	7619
1719832	0	0	592
1725556	0	1	5724
1726286	0	1	730
1730406	0	0	4120
1732185	0	0	1779
1734502	0	0	2317
1736250	0	0	1748
1736906	0	0	656
1737713	0	0	807
1740446	0	0	2733
1741107	0	0	661
1758037	0	0	16930
1761259	0	0	3222
1762428	0	0	1169
1765559	0	0	3131
1766459	0	0	900
1771882	0	0	5423
1775750	0	0	3868
1776447	0	0	697
1776998	0	0	551
1778477	0	0	1479
1780337	0	0	1860
1781882	0	0	1545
1784233	0	0	2351
1785358	0	0	1125
1786305	0	0	947
1792591	0	0	6286
1798505	0	0	5914
1804903	0	0	6398
1807603	0	0	2700
1808569	0	0	966
1809382	0	0	813
1811665	0	0	2283
1815779	0	0	4114
1817003	0	0	1224
1823137	0	0	6134
1824732	0	0	1595
1839835	0	0	15103
1840376	0	0	541
1840969	0	0	593
1843286	0	0	2317
1846681	0	0	3395
1848624	0	0	1943
1859914	0	0	11290
1865905	0	0	5991
1866955	0	0	1050
1867618	0	0	663
1869351	0	0	1733
1874751	0	0	5400
1877880	0	0	3129
1899783	0	0	21903
1900754	0	0	971
1902790	0	0	2036
1904199	0	0	1409
1905895	0	0	1696
1928941	0	0	23046
1986042	1	6	57101
1986694	0	2	652
1987529	0	0	835
1989477	0	0	1948
1995087	0	0	5610
2001776	0	0	6689
2002957	0	0	1181
2005556	0	0	2599
2006110	0	0	554
2008837	0	0	2727
2010456	0	0	1619
2014423	0	0	3967
2015206	0	0	783
2020377	0	1	5171
2054466	0	0	34089
2055203	0	0	737
2070153	0	0	14950
2077737	1	0	7584
2100418	0	7	22681
2105736	0	0	5318
2106440	0	0	704
2106965	0	0	525
2110930	0	0	3965
2111555	0	0	625
2114376	0	0	2821
2136065	0	5	21689
2138903	0	0	2838
2147465	0	0	8562
2149094	0	0	1629
2161608	0	0	12514
2198337	26	13	36729
2228923	17	14	30586
2240431	3	11	11508
2317045	35	53	76614
2381022	81	63	63977
2388052	0	0	7030
2392478	0	2	4426
2396896	4	7	4418
2399702	0	2	2806
2400725	0	2	1023
2415338	3	2	14613
2433195	31	19	17857
2435704	5	1	2509
2437091	2	0	1387
2442462	5	6	5371
2443250	1	0	788
2452322	18	8	9072
2462644	20	30	10322
2485589	28	20	22945
2501737	24	15	16148
2504647	3	1	2910
2506215	0	2	1568
2560115	54	51	53900
2562990	6	3	2875
2563888	0	1	898
2564436	1	0	548
2569126	2	2	4690
2586547	40	15	17421
2598771	15	9	12224
2600129	1	1	1358
2600839	0	2	710
2616852	23	22	16013
2617562	0	1	710
2618468	1	2	906
2629597	13	30	11129
2630488	3	2	891
2640444	12	4	9956
2646843	9	2	6399
2652535	7	2	5692
2657854	7	6	5319
2662514	5	11	4660
2666256	9	8	3742
2669916	2	4	3660
2673626	2	3	3710
2678633	10	4	5007
2684488	1	7	5855
2733696	38	12	49208
2783015	88	74	49319
2832369	63	46	49354
2881706	49	97	49337
2931018	55	130	49312
2980245	68	60	49227
3026066	48	34	45821
3074850	7	4	48784
3122954	15	9	48104
3170709	77	87	47755
3218120	24	22	47411
3261519	25	13	43399
3293106	95	120	31587
3323560	29	15	30454
3352450	19	11	28890
3381338	27	11	28888
3410210	15	29	28872
3411203	0	0	993
3417099	21	5	5896
3419488	9	4	2389
3423421	2	4	3933
3433655	24	8	10234
3437033	14	11	3378
3437670	0	0	637
3440479	2	1	2809
3446753	7	0	6274
3453973	3	2	7220
3460816	2	9	6843
3472595	11	12	11779
3477711	1	7	5116
3483726	4	12	6015
3485769	4	2	2043
3486394	0	0	625
3486963	0	0	569
3491464	5	3	4501
3494659	1	3	3195
3495292	0	0	633
3499933	2	6	4641
3517300	14	20	17367
3518664	0	0	1364
3522023	2	2	3359
3525449	1	5	3426
3528639	2	0	3190
3531858	3	5	3219
3546704	23	6	14846
3547427	2	1	723
3548936	0	0	1509
3562960	16	11	14024
3564003	1	0	1043
3564887	2	0	884
3566075	0	0	1188
3568536	0	0	2461
3569479	2	0	943
3576250	1	1	6771
3579886	5	0	3636
3648204	24	10	68318
3717008	84	20	68804
3742782	29	9	25774
3810269	74	27	67487
3877140	23	14	66871
3919161	24	13	42021
3960957	17	5	41796
4002588	97	13	41631
4069533	76	14	66945
4133683	41	25	64150
4146951	5	3	13268
4147538	0	0	587
4152965	6	0	5427
4153812	3	4	847
4154994	0	0	1182
4156041	0	0	1047
4157402	3	0	1361
4158161	0	0	759
4158990	0	0	829
4159531	0	0	541
4181150	10	8	21619
4191736	0	0	10586
4201940	0	1	10204
4204087	0	0	2147
4209439	0	0	5352
4212955	0	0	3516
4215639	0	0	2684
4221029	0	0	5390
4231829	0	1	10800
4234328	0	0	2499
4236116	0	0	1788
4238679	0	0	2563
4242703	0	0	4024
4244211	0	0	1508
4244761	0	0	550
4250814	0	0	6053
4252024	0	0	1210
4253732	0	0	1708
4260938	0	0	7206
4262380	0	0	1442
4263343	0	0	963
4263956	0	0	613
4264483	0	0	527
4268541	0	0	4058
4288776	0	0	20235
4289520	0	0	744
4291618	0	0	2098
4298289	0	0	6671
4307969	0	0	9680
4315683	0	2	7714
4321196	0	0	5513
4334624	0	0	13428
4335461	0	0	837
4336228	0	0	767
4338446	0	0	2218
4341915	0	2	3469
4346033	0	0	4118
4353996	0	0	7963
4355127	0	0	1131
4370732	16	2	15605
4374548	3	0	3816
4374973	5	0	425
4377702	13	0	2729
4380090	1	2	2388
4382659	1	0	2569
4387282	2	0	4623
4387831	0	0	549
4389126	2	0	1295
4393881	2	0	4755
4398471	4	6	4590
4404545	5	1	6074
4407576	5	1	3031
4410336	4	2	2760
4413182	2	0	2846
4415849	2	0	2667
4418785	9	0	2936
4421593	7	3	2808
4424944	1	0	3351
4428126	3	0	3182
4430879	1	0	2753
4433629	7	2	2750
4436345	2	0	2716
4439247	0	0	2902
4441921	0	0	2674
4444585	2	0	2664
4446523	1	0	1938
4447034	0	0	511
4448164	6	0	1130
4449199	0	0	1035
4454161	4	0	4962
4458394	1	0	4233
4459995	0	0	1601
4461986	0	0	1991
4462551	0	0	565
4463933	0	0	1382
4488290	14	1	24357
4489101	3	0	811
4494230	1	1	5129
4504901	6	0	10671
4509084	2	0	4183
4509844	0	0	760
4511951	0	0	2107
4514283	3	1	2332
4514654	0	0	371
4516516	8	2	1862
4518652	4	1	2136
4520163	1	0	1511
4548301	44	6	28138
4548948	0	0	647
4550248	1	0	1300
4565337	21	2	15089
4568146	5	0	2809
4573668	5	0	5522
4582716	8	2	9048
4584444	3	0	1728
4586338	2	0	1894
4587173	0	0	835
4588911	1	0	1738
4621154	41	12	32243
4622349	0	0	1195
4623631	0	0	1282
4631622	8	0	7991
4634945	0	1	3323
4635668	0	0	723
4636420	0	0	752
4637057	1	1	637
4637718	0	1	661
4638835	3	0	1117
4641457	5	1	2622
4648307	0	0	6850
4649566	0	0	1259
4660982	2	0	11416
4664872	0	0	3890
4679575	0	0	14703
4680094	0	0	519
4681660	0	0	1566
4685478	0	0	3818
4688982	0	0	3504
4703668	0	0	14686
4704232	0	0	564
4705363	0	0	1131
4705944	0	0	581
4716635	0	0	10691
4719018	0	0	2383
4720836	0	0	1818
4721850	0	0	1014
4722931	0	0	1081
4742689	1	0	19758
4743359	0	0	670
4744285	1	0	926
4745410	0	0	1125
4746340	0	0	930
4746946	0	0	606
4748348	0	0	1402
4752638	0	0	4290
4755756	0	0	3118
4757098	0	0	1342
4760880	0	0	3782
4761675	0	0	795
4763515	0	0	1840
4764812	1	0	1297
4765722	0	0	910
4766413	0	0	691
4766972	0	0	559
4767607	0	0	635
4769902	0	0	2295
4772844	0	0	2942
4778596	0	0	5752
4779923	0	0	1327
4784925	0	0	5002
4787510	0	0	2585
4788452	0	0	942
4789562	0	0	1110
4800668	0	0	11106
4803661	0	0	2993
4807734	0	0	4073
4810824	0	0	3090
4811830	0	0	1006
4812696	0	0	866
4813472	0	0	776
4818371	0	0	4899
4821316	0	0	2945
4822518	0	0	1202
4824720	0	0	2202
4826023	0	0	1303
4827262	0	0	1239
4834063	0	0	6801
4836762	0	0	2699
4837294	0	0	532
4841275	0	0	3981
4845460	0	0	4185
4846024	0	0	564
4846631	0	0	607
4848038	0	0	1407
4849135	0	2	1097
4880873	50	4	31738
4881667	1	0	794
4882786	4	0	1119
4883425	1	0	639
4884263	3	0	838
4885928	4	0	1665
4887031	0	0	1103
4895287	3	0	8256
4915587	59	5	20300
4916138	5	0	551
4917684	2	3	1546
4918595	0	0	911
4920126	1	0	1531
4929037	5	0	8911
4934470	5	0	5433
4935846	3	0	1376
4937336	1	0	1490
4938010	0	0	674
4939970	7	2	1960
4941409	2	0	1439
4948228	4	0	6819
4949164	1	0	936
4950293	3	0	1129
4951092	0	0	799
4951797	0	0	705
4952372	3	0	575
4956435	10	0	4063
4959558	7	0	3123
4962578	6	0	3020
4965755	3	0	3177
4969030	2	0	3275
4971996	2	0	2966
4972500	2	0	504
4976098	2	0	3598
4977958	5	0	1860
4982032	2	0	4074
4982798	0	0	766
4983380	0	0	582
4984563	2	0	1183
4985918	0	3	1355
4987199	0	0	1281
4988270	0	0	1071
4989478	0	0	1208
4992621	0	0	3143
4993601	2	0	980
4995208	5	0	1607
4996469	0	0	1261
4998136	2	0	1667
4999721	1	0	1585
5000556	1	0	835
5001999	1	0	1443
5003029	1	0	1030
5004738	0	0	1709
5005631	0	0	893
5013697	4	1	8066
5014848	0	0	1151
5015713	1	0	865
5020654	2	0	4941
5021340	0	0	686
5027098	3	0	5758
5027840	0	0	742
5030268	3	0	2428
5032943	0	0	2675
5034450	1	0	1507
5035926	0	0	1476
5037296	4	0	1370
5038133	1	0	837
5038974	1	0	841
5039878	4	0	904
5040468	0	0	590
5041099	0	0	631
5042324	0	0	1225
5043628	1	0	1304
5044544	0	0	916
5047176	1	0	2632
5049591	5	0	2415
5050145	2	0	554
5050710	0	0	565
5051240	0	0	530
5058770	11	0	7530
5059467	2	0	697
5063732	23	0	4265
5065349	5	0	1617
5070197	9	0	4848
5071187	0	0	990
5076891	8	1	5704
5078673	1	0	1782
5083094	8	2	4421
5084480	0	2	1386
5089311	9	0	4831
5102807	35	0	13496
5107038	15	1	4231
5107644	0	0	606
5108379	1	0	735
5112506	18	0	4127
5125844	17	0	13338
5130199	14	2	4355
5133582	9	0	3383
5134680	6	0	1098
5135364	3	2	684
5136376	0	0	1012
5151011	24	1	14635
5165939	42	3	14928
5180512	13	0	14573
5195082	8	1	14570
5207956	5	2	12874
5218171	9	0	10215
5229735	23	0	11564
5231883	3	0	2148
5237853	21	0	5970
5262867	43	6	25014
5266246	0	2	3379
5271448	6	1	5202
5272384	0	0	936
5273892	3	0	1508
5274646	5	0	754
5276469	1	0	1823
5277193	1	0	724
5278055	3	0	862
5278737	0	0	682
5279696	0	0	959
5280691	0	0	995
5281300	0	0	609
5281967	0	0	667
5283302	0	0	1335
5284196	0	0	894
5285000	0	0	804
5286655	2	1	1655
5289763	8	0	3108
5290414	2	0	651
5291290	6	1	876
5291816	1	0	526
5293418	1	2	1602
5294560	2	0	1142
5296739	5	0	2179
5300951	8	0	4212
5305321	10	0	4370
5310074	9	0	4753
5314813	11	0	4739
5319468	15	0	4655
5323941	14	2	4473
5328330	12	0	4389
5332820	14	0	4490
5337109	18	0	4289
5341355	10	0	4246
5345464	9	0	4109
5350078	10	3	4614
5354526	6	0	4448
5358910	3	0	4384
5363446	13	2	4536
5367584	6	0	4138
5388326	23	0	20742
5416581	27	7	28255
5418111	0	0	1530
5419775	1	0	1664
5420305	0	0	530
5421780	0	0	1475
5422882	0	0	1102
5423663	0	0	781
5424493	0	0	830
5425976	1	0	1483
5427687	2	3	1711
5429903	3	0	2216
5430625	0	0	722
5431656	0	0	1031
5432190	0	0	534
5434498	4	0	2308
5435305	8	0	807
5467178	62	6	31873
5467773	1	0	595
5485000	17	0	17227
5486858	1	0	1858
5487469	0	0	611
5488764	1	0	1295
5490223	0	0	1459
5508256	40	0	18033
5509071	0	0	815
5509688	3	0	617
5543050	80	3	33362
5547457	18	4	4407
5548422	1	6	965
5551392	4	3	2970
5555119	3	0	3727
5558805	3	0	3686
5562968	1	0	4163
5575534	4	1	12566
5576335	3	0	801
5577043	0	0	708
5577575	0	0	532
5579196	3	0	1621
5582597	5	0	3401
5585995	1	2	3398
5589798	0	0	3803
5590311	0	0	513
5592821	1	0	2510
5598065	0	0	5244
5598694	0	0	629
5601246	0	0	2552
5607998	2	1	6752
5610150	2	0	2152
5622544	18	0	12394
5623742	1	1	1198
5627113	1	0	3371
5632575	2	0	5462
5655483	19	0	22908
5657621	0	0	2138
5658132	0	0	511
5663644	1	0	5512
5664521	0	0	877
5666661	0	0	2140
5670409	2	0	3748
5678031	6	0	7622
5679108	1	0	1077
5679874	1	0	766
5687563	11	0	7689
5688441	0	0	878
5689927	2	0	1486
5694669	6	2	4742
5696315	3	0	1646
5698840	0	1	2525
5702414	0	0	3574
5702961	0	0	547
5703545	3	1	584
5707344	11	0	3799
5708712	1	0	1368
5710420	4	0	1708
5711015	0	0	595
5712029	1	3	1014
5712705	1	0	676
5720321	25	2	7616
5724121	6	0	3800
5731562	14	0	7441
5733754	8	3	2192
5741336	5	1	7582
5753079	18	0	11743
5780971	50	8	27892
5781959	1	0	988
5784370	1	2	2411
5805008	21	0	20638
5820956	4	0	15948
5868876	57	5	47920
5872474	3	0	3598
5879079	3	0	6605
5892849	23	0	13770
5922952	25	1	30103
5923965	0	0	1013
5933515	6	0	9550
5936027	2	0	2512
5936570	0	0	543
5939787	3	1	3217
5940890	0	0	1103
5945550	8	1	4660
5946181	0	0	631
5967753	42	3	21572
5977065	12	0	9312
5981940	3	0	4875
5982599	0	0	659
6005046	12	0	22447
6034445	49	10	29399
6035370	2	0	925
6043856	11	0	8486
6049502	7	0	5646
6050233	2	0	731
6051557	3	0	1324
6064974	15	1	13417
6065976	2	1	1002
6091274	59	19	25298
6093887	12	2	2613
6094871	6	1	984
6096841	7	2	1970
6097893	3	1	1052
6098545	2	0	652
6099262	3	3	717
6127567	41	2	28305
6138317	17	1	10750
6141811	8	0	3494
6167968	45	2	26157
6198539	39	13	30571
6199059	0	0	520
6200498	2	0	1439
6207497	3	0	6999
6223368	11	0	15871
6227114	2	0	3746
6234371	5	0	7257
6235069	0	0	698
6236883	0	0	1814
6238568	5	0	1685
6239077	0	0	509
6260440	37	2	21363
6284008	6	0	23568
6307730	11	0	23722
6308317	0	0	587
6308941	2	0	624
6330601	49	6	21660
6361475	14	1	30874
6371009	8	0	9534
6373020	1	0	2011
6373979	0	0	959
6375903	6	0	1924
6376417	0	0	514
6377377	0	0	960
6385037	4	1	7660
6388308	0	0	3271
6389442	1	0	1134
6402792	8	0	13350
6411352	10	0	8560
6411840	0	0	488
6413423	1	0	1583
6414262	0	0	839
6415732	3	0	1470
6431758	28	2	16026
6442020	7	0	10262
6451576	7	0	9556
6461570	11	0	9994
6471950	7	1	10380
6472509	4	0	559
6473428	6	0	919
6476780	10	0	3352
6479359	1	0	2579
6488653	4	0	9294
6517027	27	2	28374
6526724	4	0	9697
6527785	4	0	1061
6528324	0	0	539
6536037	4	0	7713
6557683	31	2	21646
6561842	4	1	4159
6566187	2	0	4345
6604878	90	3	38691
6608595	9	0	3717
6615642	6	2	7047
6617942	0	0	2300
6627436	12	1	9494
6631578	4	0	4142
6633088	1	13	1510
6646135	11	0	13047
6671095	14	11	24960
6689369	3	0	18274
6698357	1	0	8988
6724614	1	0	26257
6725303	0	0	689
6784176	26	4	58873
6810650	42	0	26474
6820205	27	0	9555
6855714	37	2	35509
6868554	8	0	12840
6870484	2	0	1930
6890562	50	0	20078
6944332	31	2	53770
6945844	0	0	1512
6949186	0	1	3342
6951859	16	0	2673
6953388	0	0	1529
6965892	27	0	12504
6966430	1	0	538
6967184	0	0	754
6969480	8	0	2296
6969990	0	0	510
6971140	5	0	1150
6971710	1	0	570
6972277	0	0	567
7013632	30	0	41355
7027462	9	0	13830
7028174	0	0	712
7054581	17	2	26407
7062053	8	0	7472
7080043	21	1	17990
7080818	0	0	775
7084934	1	0	4116
7087750	1	0	2816
7090036	0	0	2286
7092025	0	0	1989
7093061	0	0	1036
7106772	5	0	13711
7197472	133	14	90700
7213966	25	3	16494
7251788	23	1	37822
7255247	0	0	3459
7300768	40	5	45521
7304171	1	0	3403
7305636	0	0	1465
7314362	2	0	8726
7317180	0	0	2818
7332053	19	0	14873
7339406	2	0	7353
7348475	4	0	9069
7358152	8	1	9677
7397097	47	0	38945
7432571	70	5	35474
7433572	2	0	1001
7458686	67	7	25114
7460245	10	0	1559
7460908	2	0	663
7498555	60	47	37647
7499919	0	2	1364
7513856	6	8	13937
7517603	1	2	3747
7518381	0	0	778
7519321	0	0	940
7520528	3	0	1207
7524840	2	1	4312
7525649	1	0	809
7526313	1	0	664
7526819	0	0	506
7549445	21	1	22626
7585219	29	0	35774
7624969	28	5	39750
7629789	0	0	4820
7686310	28	2	56521
7740049	67	6	53739
7748846	2	0	8797
7750366	0	0	1520
7769719	22	4	19353
7789738	5	0	20019
7823836	38	3	34098
7894137	54	4	70301
7899319	2	1	5182
7910479	12	0	11160
7933778	22	3	23299
7993874	51	3	60096
8040558	16	0	46684
8088257	61	9	47699
8105882	12	0	17625
8108969	2	1	3087
8109797	0	0	828
8213768	83	8	103971
8214674	0	0	906
8246198	40	3	31524
8274330	39	5	28132
8276642	0	0	2312
8277376	0	0	734
8278580	0	0	1204
8282798	0	1	4218
8283370	0	0	572
8296569	5	0	13199
8297133	0	0	564
8334973	21	1	37840
8351218	25	9	16245
8380509	33	7	29291
8384359	3	2	3850
8388156	0	0	3797
8389990	0	0	1834
8412512	19	0	22522
8477647	37	8	65135
8496374	25	4	18727
8497053	0	0	679
8497671	0	0	618
8767691	338	62	270020
8788999	24	13	21308
8805531	8	0	16532
8882210	83	23	76679
8910020	52	38	27810
8931234	31	6	21214
8935259	12	0	4025
8966490	8	7	31231
9036148	17	7	69658
9036786	1	0	638
9037289	0	0	503
9037886	0	0	597
9041437	0	1	3551
9042689	0	1	1252
9043387	0	0	698
9043974	0	0	587
9053864	7	0	9890
9062467	1	5	8603
9064546	1	0	2079
9067715	0	0	3169
9078568	2	2	10853
9080378	2	0	1810
9101986	14	7	21608
9110395	5	3	8409
9152760	20	9	42365
9169154	11	3	16394
9231440	46	25	62286
9289990	13	14	58550
9386478	87	50	96488
9388617	0	0	2139
9400416	10	3	11799
9401482	4	1	1066
9402451	2	1	969
9435340	19	3	32889
9502857	61	29	67517
9512009	5	0	9152
9514414	0	5	2405
9528918	9	5	14504
9604982	66	54	76064
9607122	2	0	2140
9632075	16	10	24953
9633673	0	2	1598
9634788	4	0	1115
9637438	2	1	2650
9662666	26	20	25228
9732445	22	13	69779
9782376	15	13	49931
9787027	0	2	4651
9788572	0	1	1545
9789907	1	0	1335
9793064	0	0	3157
9793773	0	0	709
9802422	4	2	8649
9806338	0	0	3916
9810214	0	0	3876
9815361	0	0	5147
9816962	0	0	1601
9819485	0	0	2523
9820836	0	0	1351
9822999	0	0	2163
9834611	0	0	11612
9835380	0	0	769
9837696	1	0	2316
9839413	0	0	1717
9839969	0	0	556
9841689	0	0	1720
9843314	0	0	1625
9844122	0	0	808
9847656	0	0	3534
9867729	26	8	20073
10000000	101	74	132271
