position	numhm	numht	length
3276	0	0	3276
5117	0	2	1841
7186	0	1	2069
7791	0	0	605
28152	0	10	20361
47640	2	6	19488
63199	0	8	15559
73366	1	5	10167
96753	2	2	23387
97992	0	0	1239
119375	0	1	21383
120310	0	0	935
133351	0	5	13041
134988	0	4	1637
163470	2	10	28482
164056	0	0	586
254371	25	58	90315
297218	0	0	42847
311776	0	1	14558
369089	1	0	57313
376111	0	0	7022
395853	0	0	19742
406110	0	0	10257
413279	0	0	7169
435538	0	0	22259
436360	0	0	822
491896	0	0	55536
550596	0	1	58700
552858	0	0	2262
563295	0	0	10437
580702	0	0	17407
607059	3	8	26357
645896	23	48	38837
646425	0	2	529
648997	6	9	2572
650208	0	4	1211
651732	2	0	1524
659917	5	6	8185
671698	7	8	11781
673376	0	1	1678
684806	8	8	11430
689258	0	2	4452
728675	35	42	39417
734056	0	0	5381
746861	4	6	12805
776437	0	0	29576
846927	0	3	70490
850360	0	0	3433
855736	0	0	5376
943602	27	36	87866
944238	0	0	636
944977	0	0	739
961115	5	23	16138
973732	7	5	12617
979864	2	0	6132
995118	23	41	15254
996386	0	0	1268
1039210	18	10	42824
1075212	19	29	36002
1116643	0	0	41431
1164221	0	2	47578
1173213	0	0	8992
1193939	0	0	20726
1194362	0	0	423
1220380	0	2	26018
1244361	3	6	23981
1264096	11	13	19735
1273167	0	0	9071
1278277	0	0	5110
1279277	0	0	1000
1310915	0	0	31638
1355652	2	1	44737
1360753	0	0	5101
1393622	0	5	32869
1407188	0	0	13566
1408063	0	0	875
1410053	0	0	1990
1413946	0	0	3893
1427553	0	0	13607
1476583	1	2	49030
1496145	2	0	19562
1520933	0	0	24788
1549884	0	18	28951
1552824	0	1	2940
1572357	0	5	19533
1573693	0	0	1336
1594258	1	0	20565
1595880	0	0	1622
1597259	2	0	1379
1597787	0	0	528
1599003	0	0	1216
1620554	0	11	21551
1621418	0	0	864
1626518	0	0	5100
1627434	0	0	916
1631737	0	0	4303
1633147	0	0	1410
1635077	0	0	1930
1669383	0	6	34306
1713625	0	3	44242
1755206	0	7	41581
1796746	0	4	41540
1838300	0	6	41554
1879710	0	0	41410
1921008	1	10	41298
1962773	0	1	41765
1967415	0	0	4642
1969066	0	0	1651
1972479	0	0	3413
1973284	0	0	805
1982691	0	0	9407
1983576	0	0	885
1993642	0	0	10066
1995900	0	1	2258
2004759	0	0	8859
2012197	0	0	7438
2012915	0	0	718
2018238	0	0	5323
2025857	0	0	7619
2026449	0	0	592
2032173	0	1	5724
2032903	0	1	730
2037023	0	0	4120
2038802	0	0	1779
2041119	0	0	2317
2042867	0	0	1748
2043523	0	0	656
2044330	0	0	807
2047063	0	0	2733
2047724	0	0	661
2064654	0	0	16930
2067876	0	0	3222
2069045	0	0	1169
2072176	0	0	3131
2073076	0	0	900
2078499	0	0	5423
2082367	0	0	3868
2083064	0	0	697
2083615	0	0	551
2085094	0	0	1479
2086954	0	0	1860
2088499	0	0	1545
2090850	0	0	2351
2091975	0	0	1125
2092922	0	0	947
2099208	0	0	6286
2105122	0	0	5914
2111520	0	0	6398
2114220	0	0	2700
2115186	0	0	966
2115999	0	0	813
2118282	0	0	2283
2122396	0	0	4114
2123620	0	0	1224
2129754	0	0	6134
2131349	0	0	1595
2146452	0	0	15103
2146993	0	0	541
2147586	0	0	593
2149903	0	0	2317
2153298	0	0	3395
2155241	0	0	1943
2166531	0	0	11290
2172522	0	0	5991
2173572	0	0	1050
2174235	0	0	663
2175968	0	0	1733
2181368	0	0	5400
2184497	0	0	3129
2206400	0	0	21903
2207371	0	0	971
2209407	0	0	2036
2210816	0	0	1409
2212512	0	0	1696
2235558	0	0	23046
2292659	1	6	57101
2293311	0	2	652
2294146	0	0	835
2296094	0	0	1948
2301704	0	0	5610
2308393	0	0	6689
2309574	0	0	1181
2312173	0	0	2599
2312727	0	0	554
2315454	0	0	2727
2317073	0	0	1619
2321040	0	0	3967
2321823	0	0	783
2326994	0	1	5171
2361083	0	0	34089
2361820	0	0	737
2376770	0	0	14950
2384354	1	0	7584
2407035	0	7	22681
2412353	0	0	5318
2413057	0	0	704
2413582	0	0	525
2417547	0	0	3965
2418172	0	0	625
2420993	0	0	2821
2442682	0	5	21689
2445520	0	0	2838
2454082	0	0	8562
2455711	0	0	1629
2468225	0	0	12514
2504954	26	13	36729
2535540	17	14	30586
2547048	3	11	11508
2623662	35	53	76614
2687639	81	63	63977
2694669	0	0	7030
2699095	0	2	4426
2703513	4	7	4418
2706319	0	2	2806
2707342	0	2	1023
2721955	3	2	14613
2739812	31	19	17857
2742321	5	1	2509
2743708	2	0	1387
2749079	5	6	5371
2749867	1	0	788
2758939	18	8	9072
2769261	20	30	10322
2792206	28	20	22945
2808354	24	15	16148
2811264	3	1	2910
2812832	0	2	1568
2866732	54	51	53900
2869607	6	3	2875
2870505	0	1	898
2871053	1	0	548
2875743	2	2	4690
2893164	40	15	17421
2905388	15	9	12224
2906746	1	1	1358
2907456	0	2	710
2923469	23	22	16013
2924179	0	1	710
2925085	1	2	906
2936214	13	30	11129
2937105	3	2	891
2947061	12	4	9956
2953460	9	2	6399
2959152	7	2	5692
2964471	7	6	5319
2969131	5	11	4660
2972873	9	8	3742
2976533	2	4	3660
2980243	2	3	3710
2985250	10	4	5007
2991105	1	7	5855
3040313	38	12	49208
3089632	88	74	49319
3138986	63	46	49354
3188323	49	97	49337
3237635	55	130	49312
3286862	68	60	49227
3332683	48	34	45821
3381467	7	4	48784
3429571	15	9	48104
3477326	77	87	47755
3524737	24	22	47411
3568136	25	13	43399
3599723	95	120	31587
3630177	29	15	30454
3659067	19	11	28890
3687955	27	11	28888
3716827	15	29	28872
3717820	0	0	993
3723716	21	5	5896
3726105	9	4	2389
3730038	2	4	3933
3740272	24	8	10234
3743650	14	11	3378
3744287	0	0	637
3747096	2	1	2809
3753370	7	0	6274
3760590	3	2	7220
3767433	2	9	6843
3779212	11	12	11779
3784328	1	7	5116
3790343	4	12	6015
3792386	4	2	2043
3793011	0	0	625
3793580	0	0	569
3798081	5	3	4501
3801276	1	3	3195
3801909	0	0	633
3806550	2	6	4641
3823917	14	20	17367
3825281	0	0	1364
3828640	2	2	3359
3832066	1	5	3426
3835256	2	0	3190
3838475	3	5	3219
3853321	23	6	14846
3854044	2	1	723
3855553	0	0	1509
3869577	16	11	14024
3870620	1	0	1043
3871504	2	0	884
3872692	0	0	1188
3875153	0	0	2461
3876096	2	0	943
3882867	1	1	6771
3886503	5	0	3636
3954821	24	10	68318
4023625	84	20	68804
4049399	29	9	25774
4116886	74	27	67487
4183757	23	14	66871
4225778	24	13	42021
4267574	17	5	41796
4309205	97	13	41631
4376150	76	14	66945
4440300	41	25	64150
4453568	5	3	13268
4454155	0	0	587
4459582	6	0	5427
4460429	3	4	847
4461611	0	0	1182
4462658	0	0	1047
4464019	3	0	1361
4464778	0	0	759
4465607	0	0	829
4466148	0	0	541
4487767	10	8	21619
4498353	0	0	10586
4508557	0	1	10204
4510704	0	0	2147
4516056	0	0	5352
4519572	0	0	3516
4522256	0	0	2684
4527646	0	0	5390
4538446	0	1	10800
4540945	0	0	2499
4542733	0	0	1788
4545296	0	0	2563
4549320	0	0	4024
4550828	0	0	1508
4551378	0	0	550
4557431	0	0	6053
4558641	0	0	1210
4560349	0	0	1708
4567555	0	0	7206
4568997	0	0	1442
4569960	0	0	963
4570573	0	0	613
4571100	0	0	527
4575158	0	0	4058
4595393	0	0	20235
4596137	0	0	744
4598235	0	0	2098
4604906	0	0	6671
4614586	0	0	9680
4622300	0	2	7714
4627813	0	0	5513
4641241	0	0	13428
4642078	0	0	837
4642845	0	0	767
4645063	0	0	2218
4648532	0	2	3469
4652650	0	0	4118
4660613	0	0	7963
4661744	0	0	1131
4677349	16	2	15605
4681165	3	0	3816
4681590	5	0	425
4684319	13	0	2729
4686707	1	2	2388
4689276	1	0	2569
4693899	2	0	4623
4694448	0	0	549
4695743	2	0	1295
4700498	2	0	4755
4705088	4	6	4590
4711162	5	1	6074
4714193	5	1	3031
4716953	4	2	2760
4719799	2	0	2846
4722466	2	0	2667
4725402	9	0	2936
4728210	7	3	2808
4731561	1	0	3351
4734743	3	0	3182
4737496	1	0	2753
4740246	7	2	2750
4742962	2	0	2716
4745864	0	0	2902
4748538	0	0	2674
4751202	2	0	2664
4753140	1	0	1938
4753651	0	0	511
4754781	6	0	1130
4755816	0	0	1035
4760778	4	0	4962
4765011	1	0	4233
4766612	0	0	1601
4768603	0	0	1991
4769168	0	0	565
4770550	0	0	1382
4794907	14	1	24357
4795718	3	0	811
4800847	1	1	5129
4811518	6	0	10671
4815701	2	0	4183
4816461	0	0	760
4818568	0	0	2107
4820900	3	1	2332
4821271	0	0	371
4823133	8	2	1862
4825269	4	1	2136
4826780	1	0	1511
4854918	44	6	28138
4855565	0	0	647
4856865	1	0	1300
4871954	21	2	15089
4874763	5	0	2809
4880285	5	0	5522
4889333	8	2	9048
4891061	3	0	1728
4892955	2	0	1894
4893790	0	0	835
4895528	1	0	1738
4927771	41	12	32243
4928966	0	0	1195
4930248	0	0	1282
4938239	8	0	7991
4941562	0	1	3323
4942285	0	0	723
4943037	0	0	752
4943674	1	1	637
4944335	0	1	661
4945452	3	0	1117
4948074	5	1	2622
4954924	0	0	6850
4956183	0	0	1259
4967599	2	0	11416
4971489	0	0	3890
4986192	0	0	14703
4986711	0	0	519
4988277	0	0	1566
4992095	0	0	3818
4995599	0	0	3504
5010285	0	0	14686
5010849	0	0	564
5011980	0	0	1131
5012561	0	0	581
5023252	0	0	10691
5025635	0	0	2383
5027453	0	0	1818
5028467	0	0	1014
5029548	0	0	1081
5049306	1	0	19758
5049976	0	0	670
5050902	1	0	926
5052027	0	0	1125
5052957	0	0	930
5053563	0	0	606
5054965	0	0	1402
5059255	0	0	4290
5062373	0	0	3118
5063715	0	0	1342
5067497	0	0	3782
5068292	0	0	795
5070132	0	0	1840
5071429	1	0	1297
5072339	0	0	910
5073030	0	0	691
5073589	0	0	559
5074224	0	0	635
5076519	0	0	2295
5079461	0	0	2942
5085213	0	0	5752
5086540	0	0	1327
5091542	0	0	5002
5094127	0	0	2585
5095069	0	0	942
5096179	0	0	1110
5107285	0	0	11106
5110278	0	0	2993
5114351	0	0	4073
5117441	0	0	3090
5118447	0	0	1006
5119313	0	0	866
5120089	0	0	776
5124988	0	0	4899
5127933	0	0	2945
5129135	0	0	1202
5131337	0	0	2202
5132640	0	0	1303
5133879	0	0	1239
5140680	0	0	6801
5143379	0	0	2699
5143911	0	0	532
5147892	0	0	3981
5152077	0	0	4185
5152641	0	0	564
5153248	0	0	607
5154655	0	0	1407
5155752	0	2	1097
5187490	50	4	31738
5188284	1	0	794
5189403	4	0	1119
5190042	1	0	639
5190880	3	0	838
5192545	4	0	1665
5193648	0	0	1103
5201904	3	0	8256
5222204	59	5	20300
5222755	5	0	551
5224301	2	3	1546
5225212	0	0	911
5226743	1	0	1531
5235654	5	0	8911
5241087	5	0	5433
5242463	3	0	1376
5243953	1	0	1490
5244627	0	0	674
5246587	7	2	1960
5248026	2	0	1439
5254845	4	0	6819
5255781	1	0	936
5256910	3	0	1129
5257709	0	0	799
5258414	0	0	705
5258989	3	0	575
5263052	10	0	4063
5266175	7	0	3123
5269195	6	0	3020
5272372	3	0	3177
5275647	2	0	3275
5278613	2	0	2966
5279117	2	0	504
5282715	2	0	3598
5284575	5	0	1860
5288649	2	0	4074
5289415	0	0	766
5289997	0	0	582
5291180	2	0	1183
5292535	0	3	1355
5293816	0	0	1281
5294887	0	0	1071
5296095	0	0	1208
5299238	0	0	3143
5300218	2	0	980
5301825	5	0	1607
5303086	0	0	1261
5304753	2	0	1667
5306338	1	0	1585
5307173	1	0	835
5308616	1	0	1443
5309646	1	0	1030
5311355	0	0	1709
5312248	0	0	893
5320314	4	1	8066
5321465	0	0	1151
5322330	1	0	865
5327271	2	0	4941
5327957	0	0	686
5333715	3	0	5758
5334457	0	0	742
5336885	3	0	2428
5339560	0	0	2675
5341067	1	0	1507
5342543	0	0	1476
5343913	4	0	1370
5344750	1	0	837
5345591	1	0	841
5346495	4	0	904
5347085	0	0	590
5347716	0	0	631
5348941	0	0	1225
5350245	1	0	1304
5351161	0	0	916
5353793	1	0	2632
5356208	5	0	2415
5356762	2	0	554
5357327	0	0	565
5357857	0	0	530
5365387	11	0	7530
5366084	2	0	697
5370349	23	0	4265
5371966	5	0	1617
5376814	9	0	4848
5377804	0	0	990
5383508	8	1	5704
5385290	1	0	1782
5389711	8	2	4421
5391097	0	2	1386
5395928	9	0	4831
5409424	35	0	13496
5413655	15	1	4231
5414261	0	0	606
5414996	1	0	735
5419123	18	0	4127
5432461	17	0	13338
5436816	14	2	4355
5440199	9	0	3383
5441297	6	0	1098
5441981	3	2	684
5442993	0	0	1012
5457628	24	1	14635
5472556	42	3	14928
5487129	13	0	14573
5501699	8	1	14570
5514573	5	2	12874
5524788	9	0	10215
5536352	23	0	11564
5538500	3	0	2148
5544470	21	0	5970
5569484	43	6	25014
5572863	0	2	3379
5578065	6	1	5202
5579001	0	0	936
5580509	3	0	1508
5581263	5	0	754
5583086	1	0	1823
5583810	1	0	724
5584672	3	0	862
5585354	0	0	682
5586313	0	0	959
5587308	0	0	995
5587917	0	0	609
5588584	0	0	667
5589919	0	0	1335
5590813	0	0	894
5591617	0	0	804
5593272	2	1	1655
5596380	8	0	3108
5597031	2	0	651
5597907	6	1	876
5598433	1	0	526
5600035	1	2	1602
5601177	2	0	1142
5603356	5	0	2179
5607568	8	0	4212
5611938	10	0	4370
5616691	9	0	4753
5621430	11	0	4739
5626085	15	0	4655
5630558	14	2	4473
5634947	12	0	4389
5639437	14	0	4490
5643726	18	0	4289
5647972	10	0	4246
5652081	9	0	4109
5656695	10	3	4614
5661143	6	0	4448
5665527	3	0	4384
5670063	13	2	4536
5674201	6	0	4138
5694943	23	0	20742
5723198	27	7	28255
5724728	0	0	1530
5726392	1	0	1664
5726922	0	0	530
5728397	0	0	1475
5729499	0	0	1102
5730280	0	0	781
5731110	0	0	830
5732593	1	0	1483
5734304	2	3	1711
5736520	3	0	2216
5737242	0	0	722
5738273	0	0	1031
5738807	0	0	534
5741115	4	0	2308
5741922	8	0	807
5773795	62	6	31873
5774390	1	0	595
5791617	17	0	17227
5793475	1	0	1858
5794086	0	0	611
5795381	1	0	1295
5796840	0	0	1459
5814873	40	0	18033
5815688	0	0	815
5816305	3	0	617
5849667	80	3	33362
5854074	18	4	4407
5855039	1	6	965
5858009	4	3	2970
5861736	3	0	3727
5865422	3	0	3686
5869585	1	0	4163
5882151	4	1	12566
5882952	3	0	801
5883660	0	0	708
5884192	0	0	532
5885813	3	0	1621
5889214	5	0	3401
5892612	1	2	3398
5896415	0	0	3803
5896928	0	0	513
5899438	1	0	2510
5904682	0	0	5244
5905311	0	0	629
5907863	0	0	2552
5914615	2	1	6752
5916767	2	0	2152
5929161	18	0	12394
5930359	1	1	1198
5933730	1	0	3371
5939192	2	0	5462
5962100	19	0	22908
5964238	0	0	2138
5964749	0	0	511
5970261	1	0	5512
5971138	0	0	877
5973278	0	0	2140
5977026	2	0	3748
5984648	6	0	7622
5985725	1	0	1077
5986491	1	0	766
5994180	11	0	7689
5995058	0	0	878
5996544	2	0	1486
6001286	6	2	4742
6002932	3	0	1646
6005457	0	1	2525
6009031	0	0	3574
6009578	0	0	547
6010162	3	1	584
6013961	11	0	3799
6015329	1	0	1368
6017037	4	0	1708
6017632	0	0	595
6018646	1	3	1014
6019322	1	0	676
6026938	25	2	7616
6030738	6	0	3800
6038179	14	0	7441
6040371	8	3	2192
6047953	5	1	7582
6059696	18	0	11743
6087588	50	8	27892
6088576	1	0	988
6090987	1	2	2411
6111625	21	0	20638
6127573	4	0	15948
6175493	57	5	47920
6179091	3	0	3598
6185696	3	0	6605
6199466	23	0	13770
6229569	25	1	30103
6230582	0	0	1013
6240132	6	0	9550
6242644	2	0	2512
6243187	0	0	543
6246404	3	1	3217
6247507	0	0	1103
6252167	8	1	4660
6252798	0	0	631
6274370	42	3	21572
6283682	12	0	9312
6288557	3	0	4875
6289216	0	0	659
6311663	12	0	22447
6341062	49	10	29399
6341987	2	0	925
6350473	11	0	8486
6356119	7	0	5646
6356850	2	0	731
6358174	3	0	1324
6371591	15	1	13417
6372593	2	1	1002
6397891	59	19	25298
6400504	12	2	2613
6401488	6	1	984
6403458	7	2	1970
6404510	3	1	1052
6405162	2	0	652
6405879	3	3	717
6434184	41	2	28305
6444934	17	1	10750
6448428	8	0	3494
6474585	45	2	26157
6505156	39	13	30571
6505676	0	0	520
6507115	2	0	1439
6514114	3	0	6999
6529985	11	0	15871
6533731	2	0	3746
6540988	5	0	7257
6541686	0	0	698
6543500	0	0	1814
6545185	5	0	1685
6545694	0	0	509
6567057	37	2	21363
6590625	6	0	23568
6614347	11	0	23722
6614934	0	0	587
6615558	2	0	624
6637218	49	6	21660
6668092	14	1	30874
6677626	8	0	9534
6679637	1	0	2011
6680596	0	0	959
6682520	6	0	1924
6683034	0	0	514
6683994	0	0	960
6691654	4	1	7660
6694925	0	0	3271
6696059	1	0	1134
6709409	8	0	13350
6717969	10	0	8560
6718457	0	0	488
6720040	1	0	1583
6720879	0	0	839
6722349	3	0	1470
6738375	28	2	16026
6748637	7	0	10262
6758193	7	0	9556
6768187	11	0	9994
6778567	7	1	10380
6779126	4	0	559
6780045	6	0	919
6783397	10	0	3352
6785976	1	0	2579
6795270	4	0	9294
6823644	27	2	28374
6833341	4	0	9697
6834402	4	0	1061
6834941	0	0	539
6842654	4	0	7713
6864300	31	2	21646
6868459	4	1	4159
6872804	2	0	4345
6911495	90	3	38691
6915212	9	0	3717
6922259	6	2	7047
6924559	0	0	2300
6934053	12	1	9494
6938195	4	0	4142
6939705	1	13	1510
6952752	11	0	13047
6977712	14	11	24960
6995986	3	0	18274
7004974	1	0	8988
7031231	1	0	26257
7031920	0	0	689
7090793	26	4	58873
7117267	42	0	26474
7126822	27	0	9555
7162331	37	2	35509
7175171	8	0	12840
7177101	2	0	1930
7197179	50	0	20078
7250949	31	2	53770
7252461	0	0	1512
7255803	0	1	3342
7258476	16	0	2673
7260005	0	0	1529
7272509	27	0	12504
7273047	1	0	538
7273801	0	0	754
7276097	8	0	2296
7276607	0	0	510
7277757	5	0	1150
7278327	1	0	570
7278894	0	0	567
7320249	30	0	41355
7334079	9	0	13830
7334791	0	0	712
7361198	17	2	26407
7368670	8	0	7472
7386660	21	1	17990
7387435	0	0	775
7391551	1	0	4116
7394367	1	0	2816
7396653	0	0	2286
7398642	0	0	1989
7399678	0	0	1036
7413389	5	0	13711
7504089	133	14	90700
7520583	25	3	16494
7558405	23	1	37822
7561864	0	0	3459
7607385	40	5	45521
7610788	1	0	3403
7612253	0	0	1465
7620979	2	0	8726
7623797	0	0	2818
7638670	19	0	14873
7646023	2	0	7353
7655092	4	0	9069
7664769	8	1	9677
7703714	47	0	38945
7739188	70	5	35474
7740189	2	0	1001
7765303	67	7	25114
7766862	10	0	1559
7767525	2	0	663
7805172	60	47	37647
7806536	0	2	1364
7820473	6	8	13937
7824220	1	2	3747
7824998	0	0	778
7825938	0	0	940
7827145	3	0	1207
7831457	2	1	4312
7832266	1	0	809
7832930	1	0	664
7833436	0	0	506
7856062	21	1	22626
7891836	29	0	35774
7931586	28	5	39750
7936406	0	0	4820
7992927	28	2	56521
8046666	67	6	53739
8055463	2	0	8797
8056983	0	0	1520
8076336	22	4	19353
8096355	5	0	20019
8130453	38	3	34098
8200754	54	4	70301
8205936	2	1	5182
8217096	12	0	11160
8240395	22	3	23299
8300491	51	3	60096
8347175	16	0	46684
8394874	61	9	47699
8412499	12	0	17625
8415586	2	1	3087
8416414	0	0	828
8520385	83	8	103971
8521291	0	0	906
8552815	40	3	31524
8580947	39	5	28132
8583259	0	0	2312
8583993	0	0	734
8585197	0	0	1204
8589415	0	1	4218
8589987	0	0	572
8603186	5	0	13199
8603750	0	0	564
8641590	21	1	37840
8657835	25	9	16245
8687126	33	7	29291
8690976	3	2	3850
8694773	0	0	3797
8696607	0	0	1834
8719129	19	0	22522
8784264	37	8	65135
8802991	25	4	18727
8803670	0	0	679
8804288	0	0	618
9074308	338	62	270020
9095616	24	13	21308
9112148	8	0	16532
9188827	83	23	76679
9216637	52	38	27810
9237851	31	6	21214
9241876	12	0	4025
9273107	8	7	31231
9342765	17	7	69658
9343403	1	0	638
9343906	0	0	503
9344503	0	0	597
9348054	0	1	3551
9349306	0	1	1252
9350004	0	0	698
9350591	0	0	587
9360481	7	0	9890
9369084	1	5	8603
9371163	1	0	2079
9374332	0	0	3169
9385185	2	2	10853
9386995	2	0	1810
9408603	14	7	21608
9417012	5	3	8409
9459377	20	9	42365
9475771	11	3	16394
9538057	46	25	62286
9596607	13	14	58550
9693095	87	50	96488
9695234	0	0	2139
9707033	10	3	11799
9708099	4	1	1066
9709068	2	1	969
9741957	19	3	32889
9809474	61	29	67517
9818626	5	0	9152
9821031	0	5	2405
9835535	9	5	14504
9911599	66	54	76064
9913739	2	0	2140
9938692	16	10	24953
9940290	0	2	1598
9941405	4	0	1115
9944055	2	1	2650
9969283	26	20	25228
10039062	22	13	69779
10088993	15	13	49931
10093644	0	2	4651
10095189	0	1	1545
10096524	1	0	1335
10099681	0	0	3157
10100390	0	0	709
10109039	4	2	8649
10112955	0	0	3916
10116831	0	0	3876
10121978	0	0	5147
10123579	0	0	1601
10126102	0	0	2523
10127453	0	0	1351
10129616	0	0	2163
10141228	0	0	11612
10141997	0	0	769
10144313	1	0	2316
10146030	0	0	1717
10146586	0	0	556
10148306	0	0	1720
10149931	0	0	1625
10150739	0	0	808
10154273	0	0	3534
10174346	26	8	20073
10334154	135	101	159808
10358537	39	28	24383
10390170	43	19	31633
10390820	1	0	650
10434234	23	15	43414
10441718	2	0	7484
10501254	22	14	59536
10503568	0	0	2314
10504385	0	0	817
10544900	2	3	40515
10545588	0	0	688
10546483	0	0	895
10558715	2	0	12232
10570473	2	5	11758
10591338	0	0	20865
10714420	15	16	123082
10719305	3	2	4885
10764728	6	13	45423
10765401	0	1	673
10768180	2	1	2779
10863561	56	47	95381
10864156	0	1	595
10864927	0	0	771
10973775	22	25	108848
10977753	1	0	3978
11107616	48	59	129863
11108480	0	0	864
11111382	3	1	2902
11306225	11	7	194843
11342671	0	0	36446
11343289	0	0	618
11420862	0	3	77573
11449093	1	0	28231
11450033	0	0	940
11480601	0	0	30568
11505426	0	0	24825
11578504	28	28	73078
11585717	3	4	7213
11586411	1	0	694
11587571	0	1	1160
11589445	0	0	1874
11622855	5	7	33410
11653148	7	9	30293
11697230	25	8	44082
11727525	0	0	30295
11728576	0	0	1051
11730812	0	0	2236
11732287	0	0	1475
11733305	0	0	1018
11734052	0	0	747
11751778	0	0	17726
11804871	0	0	53093
11820224	0	0	15353
11820922	0	0	698
11834132	0	0	13210
11937008	0	1	102876
11937852	0	0	844
11949205	0	1	11353
11952664	0	0	3459
11997703	0	0	45039
11998696	0	0	993
12009894	0	0	11198
12066333	0	0	56439
12069752	0	0	3419
12244629	2	1	174877
12315301	1	1	70672
12338009	3	0	22708
12339379	0	0	1370
12340219	0	0	840
12362069	0	0	21850
12362664	0	0	595
12371222	0	0	8558
12374415	0	0	3193
12375416	0	0	1001
12391229	1	1	15813
12392225	0	0	996
12424572	11	12	32347
12483403	16	11	58831
12487231	0	1	3828
12529610	6	10	42379
12672975	36	34	143365
12685073	3	7	12098
12704296	2	5	19223
12705212	1	0	916
12735895	1	4	30683
12761187	10	22	25292
12772004	6	5	10817
12939251	27	38	167247
12943188	1	1	3937
12944877	2	2	1689
13116780	38	58	171903
13149987	0	0	33207
13186305	0	1	36318
13277258	1	4	90953
13408202	0	4	130944
13470896	1	1	62694
13497008	0	1	26112
13546015	1	1	49007
13608824	3	3	62809
13610117	0	0	1293
13808547	33	36	198430
13905660	39	45	97113
13994762	36	54	89102
14112605	37	82	117843
14148907	4	3	36302
14315504	59	116	166597
14317752	1	0	2248
14322099	2	1	4347
14324545	0	0	2446
14406140	25	44	81595
14413342	1	1	7202
14441053	0	4	27711
14498321	12	16	57268
14803537	100	227	305216
14816434	0	0	12897
14833226	2	1	16792
14873801	7	21	40575
14881580	1	14	7779
14935572	8	38	53992
15003050	23	48	67478
15295445	51	119	292395
15306617	1	1	11172
