"Fragment"	"WithVars"	"MoreHomozygous"	"AUC"
11825	624	32	9460494.01325067
11950	635	31	10393403.7461625
12023	623	34	10082129.1629506
11912	620	31	9588712.34766559
11584	633	36	11996453.9906614
12254	618	34	9477044.62541362
11764	622	32	8730412.06038508
11944	632	29	9739701.13222777
12287	619	30	10633617.7148002
11451	597	35	10949821.0759299
11971	633	36	10748515.9289008
12089	630	31	9191345.04027928
12217	664	33	10343871.168909
11415	618	32	10136162.3262036
12094	638	35	9701675.61068007
11827	592	33	10567836.0673203
11530	605	36	9672893.7981312
11765	630	35	12212460.4290744
11504	619	33	9595021.03759523
11794	612	37	10343845.7059287
11639	606	29	9388165.71807901
11749	634	33	11678482.9433561
11867	610	29	10160941.2131773
11619	631	31	10503722.9113394
11661	641	29	9039375.55672543
11994	638	37	9731336.55040338
11782	619	37	9141065.31197329
11942	667	33	10438704.9657584
12199	631	33	10027908.1479927
11752	654	38	10246275.4655634
11841	606	37	12511102.7538267
11539	613	36	9817843.22136885
11586	626	33	9637334.15272269
11870	580	29	9620223.81391071
11733	597	31	9991693.7545342
11863	631	30	9877504.56790101
11902	631	39	10903740.8871494
11973	617	31	9186114.83629167
11547	631	35	11474949.2520472
11603	604	37	9814839.77582419
12269	630	32	9338488.5920977
12015	643	34	10546457.3594975
12559	628	34	8362080.85377617
11714	619	32	9646545.57865371
12040	598	37	8709212.94539625
12294	606	30	10711831.8001491
11993	619	33	11869639.2285847
12402	645	37	8568975.41672757
11812	621	30	10416924.4530004
11652	589	35	9110702.07235555
11536	663	34	10403713.2964768
11919	659	33	9301877.45478202
11727	652	37	10532824.9110161
11719	589	31	9729463.49581041
12010	615	36	9842728.6096871
11837	625	28	9978726.50027664
12121	608	31	10791081.6246588
11889	609	32	9057566.95265264
11649	578	26	9909298.35417988
11857	621	30	10245595.2776558
11555	607	34	10364070.2294987
12267	623	33	10545562.1476443
12065	622	30	9535198.09745144
11698	630	34	10871997.3242027
11894	626	33	11814377.7624649
11949	616	34	10714103.5763406
11946	633	36	10000915.5688776
11957	640	32	9943382.22681289
11870	672	33	10299944.7448995
11876	669	37	11081687.4448147
11991	647	33	9441887.19446589
12131	627	32	11540698.1800919
11943	634	32	8232635.37484087
11525	608	33	11096352.3861093
11980	590	30	9100143.3442119
12199	629	35	9878709.05404457
11787	649	34	10495812.4442057
11928	633	37	11350357.4111956
12105	634	37	11415069.6616662
11920	582	30	8992319.63099406
12183	632	31	9685265.8805356
12110	624	30	8194237.1905029
12168	612	34	11474883.5121802
11688	630	36	8830544.31356708
11845	643	36	10163690.0475465
11971	622	38	10278489.1052438
12104	598	33	11680969.5907611
11634	604	25	10238972.1449128
11564	620	35	11098578.0823307
11954	666	36	9309028.37017732
12005	645	34	9211616.68460312
11354	640	29	11520181.2562501
11462	588	33	9176697.22884368
11873	605	30	8594407.90344759
11726	685	35	10399470.576478
11505	623	35	10513403.4799697
11590	620	31	11315446.7081769
11954	601	31	9947282.00819388
11860	615	33	11473882.2796827
12028	644	30	9411721.85061412
11323	588	34	12485945.3038562
11754	603	34	9520355.90171723
11750	591	34	9121472.27085902
12339	628	35	9415446.25549263
11626	611	27	9735289.45315932
11717	624	34	8776366.34814681
11723	639	31	10685165.3099028
12010	643	34	8961355.7918743
11704	680	36	10905381.906174
12181	576	28	10320894.0586883
11585	582	33	9016360.75695163
11746	629	29	12255361.510021
11834	631	34	9055389.71155245
11599	629	35	11399489.7126065
12136	635	32	9291528.08013981
11824	644	31	10147753.0926411
11416	614	27	11216907.5885983
11462	596	33	8458719.06293189
12064	664	37	10547469.3030789
11757	606	33	10083170.4303209
11984	665	35	10317080.9513997
12359	646	34	10011022.9116833
11719	616	29	9861563.05817937
11734	606	33	9698241.99782339
11844	576	33	11019810.8094907
11584	610	28	13207055.120779
11674	593	29	10014489.9713419
12092	623	33	11577225.2605043
11725	633	34	10575663.1283852
11405	628	31	10261212.1595432
11539	618	37	11546415.3542324
11798	622	34	12825031.2435334
11481	620	38	12543210.6007697
12083	595	29	11532122.0882417
12204	593	30	9519013.70294215
11794	592	30	10464937.3366721
11669	583	31	11883975.7691357
11613	642	32	9753599.89828998
11666	641	34	10843572.2026727
11566	647	31	9206321.91928861
11485	647	31	11933579.9112243
12358	659	36	10107223.3956212
11462	645	31	10587999.1879221
12179	623	32	9340339.00632889
11358	629	30	10218496.0865726
11819	628	33	10179392.0260689
11998	625	33	9759535.68505101
12115	596	33	9202433.72683966
11406	567	30	11076719.7090174
12081	644	32	10539404.3196563
11748	652	32	11611968.1896349
11846	607	32	11005154.4102881
11967	601	31	9648612.94581273
12125	617	27	9342057.80194037
12103	627	33	9049835.4392743
11845	526	30	9099807.42316432
11949	599	36	9020224.22613153
11799	609	29	9710532.32889971
11662	625	34	12976150.2900886
12109	670	36	8984951.88848064
11380	590	33	9418009.47266036
11765	638	35	11693884.4272519
12170	634	36	10912453.6409755
11945	592	33	10560435.3213067
11524	610	32	9397072.1944384
11822	646	32	11242143.0793835
11954	590	35	8976154.0016549
11634	598	29	12006564.5953169
11453	596	31	9723863.8507478
11745	616	34	11232923.8895962
11757	655	38	13409195.4397742
11845	632	36	11472786.1777861
11937	629	34	9175549.49726512
12134	574	35	10001815.7542822
11796	607	34	9070857.98309756
12246	633	34	9427372.71114163
11951	648	35	9772175.92743396
12053	621	35	10382138.8718495
11852	612	34	10255554.506041
11938	605	35	10272660.9907892
12057	615	30	10191643.8159378
11995	632	33	10964919.0184188
12067	610	34	9620402.36171483
11803	612	34	9809748.59957054
12132	639	35	9652031.89973683
11741	593	31	9137246.68760769
11721	638	29	9511939.60678907
12003	555	31	10457720.5950081
11462	624	33	10757660.5539588
11919	631	36	9449319.73092422
11842	594	30	9382663.29174216
11669	621	36	9785218.37451484
11351	588	34	10696567.773738
11613	606	30	10551339.320601
11598	613	25	9660531.03140576
11454	615	35	8252004.9142467
11949	627	35	10566418.92923
12463	630	34	8637269.98189239
11642	657	36	10612904.1713725
12076	632	33	9472520.51883727
12013	593	32	9707973.34591621
11709	613	32	10183906.3577994
11864	611	31	9857688.86814552
11467	598	30	10128188.7911678
12009	638	31	8531562.22379109
11487	620	34	9798728.59840427
11914	601	30	9111537.31610527
11816	663	32	9155717.7619835
12114	606	32	9833811.48020478
11408	654	32	11289355.5222714
11622	655	34	11794796.1626519
11760	617	33	11320220.6990069
12233	647	35	10284818.0517778
12187	631	29	9413365.62219616
11452	627	35	10134449.9125573
12055	653	32	10904220.9563968
12227	617	32	9644348.22161256
11797	613	35	10759450.892186
11584	612	33	10946595.6022586
12205	584	32	9610818.93589067
11988	625	36	9049059.15475689
11887	624	33	10329796.4218829
12019	668	33	10763023.2460111
11694	587	30	9495988.48262144
11839	619	33	9405995.78656981
12188	651	30	9843924.51758029
11740	591	36	9930043.9061852
11371	643	35	10096289.7007401
12292	647	29	11189769.7825648
11866	615	29	11381167.694749
11665	633	37	10059527.872121
11936	662	34	10859938.0452942
12046	638	38	9484059.31167173
11660	633	31	9771851.20195496
11635	650	33	11504002.0893837
11646	617	31	10194172.8559883
12283	639	29	10805469.8102
11772	593	35	11255428.1919279
11955	634	35	10426337.1394286
11737	645	33	8010781.95989285
12073	634	31	9499695.84394814
12343	624	32	9211051.8089418
12120	606	32	10020562.7676213
11731	619	35	10919920.4854308
11888	626	35	9861543.85520985
12195	642	32	10298697.9354518
11777	602	31	11049955.1844658
11616	629	34	9019407.70073171
12205	602	30	11544226.9364178
11738	647	35	9027756.66619305
11793	645	32	10503939.1846006
11804	610	34	9080641.9442384
11900	604	34	11991934.7340512
11616	613	32	10674028.9160375
11908	639	34	10636008.4154395
11705	626	33	12089506.9331616
12087	653	32	10430655.1356701
11711	616	36	9566440.52431647
11987	598	35	9826155.57747245
12065	623	33	9334624.34819948
11898	584	32	10059599.6256033
11369	612	29	10800300.5182607
11771	634	36	10576634.5906325
12171	605	31	9746890.32192681
11810	614	38	9765585.15415807
11920	613	35	10202677.6694241
11912	635	32	9428150.29623935
11816	665	34	11162005.1815511
11613	616	31	9384032.34883065
11976	630	34	8453414.90034541
11668	618	32	11921163.3094828
11944	663	35	10010358.8631018
11709	644	37	9834350.08409315
12446	613	33	8805528.05122172
11677	631	31	10736955.7291806
11813	609	29	10107954.749927
11812	625	30	10597382.8512164
11898	634	35	9313972.45835252
12054	620	33	11267511.0124784
11448	590	29	9760398.31184103
12079	637	34	8764704.63534653
12315	653	32	9479203.33845555
11429	613	37	9666779.75187528
12022	612	31	10894711.7402477
11710	611	32	11444964.9517993
11468	609	33	10068912.6509192
11691	613	35	9548924.48945262
11573	593	35	8409614.09723041
11820	613	35	9629039.57992531
12377	647	36	9239381.95117026
11603	636	29	10097121.6856021
11986	630	36	10151026.5666656
12036	588	29	9660866.73581384
12196	618	35	11951747.9686647
11702	622	32	10988858.0616571
11778	644	31	9970447.40813191
12043	609	35	10386924.2315323
12032	646	38	11273059.2149521
12014	649	35	8819073.28134651
11878	647	31	9272417.7051536
12190	654	40	10207104.4471353
11922	622	31	10483623.1105623
11731	624	36	9746213.85384665
12340	646	35	8373229.44338525
11976	590	33	10171740.2421304
11775	612	34	9653888.15641098
12118	608	34	11086608.9346436
11661	620	31	9516134.59813653
12194	643	34	8396625.23568287
11671	608	26	11931770.9042545
12494	653	39	9779789.34944359
11502	590	33	11078643.8752584
11424	586	32	10071322.9547299
11316	620	36	9195433.24254314
11810	651	35	10470590.4343029
11188	588	34	9950531.80790617
11964	566	33	9582232.76428049
11831	621	32	10743576.5019363
11841	592	33	8039566.05771054
11913	636	27	9408350.49732143
11946	635	31	11091026.7323586
11696	612	33	10455697.5374069
11246	565	32	13089407.1049228
12004	631	31	8288666.87790091
11856	644	33	9771203.90888711
11678	650	35	9450135.35979516
11903	655	31	9304863.99910384
12080	653	34	9456029.23052845
11812	608	34	8860680.93862645
11696	632	34	9464800.27633749
11570	595	31	10679528.5856689
11728	599	30	10080088.6984848
12300	597	32	10467787.3341564
11736	620	35	11680444.8445032
11721	625	31	10542040.8863196
11848	600	29	9626241.71078633
11746	582	29	9890659.28892795
11831	620	34	10074219.9776217
12147	608	35	9660273.67932924
11570	608	34	10074401.586939
12104	637	31	9566402.78169113
11882	628	35	10305058.3254606
11999	618	30	9800232.36874536
12197	632	37	9584044.19415571
11828	662	31	9948284.89846712
11936	615	34	11429507.2675985
11557	596	33	12400848.1374787
11210	614	37	11020848.6860021
11535	629	33	10365303.66
11616	632	33	9475134.33084899
11473	624	34	10435631.4351419
11620	646	35	10621994.7487258
12200	624	33	9955932.5960492
11589	614	33	10080761.9530812
11639	602	33	11187606.5979534
11715	604	32	10810903.737696
12354	606	34	10958871.9314613
11654	617	32	10387056.0762243
11876	580	32	10778240.288823
11914	613	33	8694582.71322665
11896	620	32	10591271.1595135
11724	610	25	9928169.49120454
11680	655	32	9451064.40882444
11839	610	29	9343907.75561548
11243	619	29	12693832.0898104
11996	632	37	11040014.4132205
11661	589	36	10829008.7465475
12010	608	31	11465687.3422577
11512	606	36	10210111.8148794
11572	629	33	10474090.0170863
11506	620	32	10840051.6817976
11683	641	33	11619515.0266033
11730	594	33	10091894.7935945
11780	630	32	10481264.8221449
11534	623	33	10966904.6254515
11867	621	33	8747322.13513338
11930	602	30	10555513.8172519
11580	580	30	11600670.6683091
11728	634	40	8843332.54205403
11647	637	34	9885310.8851761
11821	614	30	11789366.7371988
11106	638	38	11686543.6418337
12015	601	33	9195569.40897696
11907	603	37	10004005.328661
11789	619	33	10595721.4405026
11583	612	29	8750761.37710049
11515	608	30	8960710.8814372
11980	560	36	9510741.97725177
12162	621	33	9578192.40811758
11585	654	37	12116086.7871312
11513	579	36	9882319.18069815
11884	635	34	11173081.0116423
11968	638	31	11199345.4527407
11494	578	37	10155549.6063602
11923	652	32	9008441.39421642
12284	652	37	10819240.3816714
12044	611	31	8581823.1763801
11299	616	32	10963667.8480851
12225	629	40	9876733.63362496
11727	615	35	10144815.27179
12100	672	32	9280002.19826714
11748	622	39	10333380.8072191
11420	611	31	12519117.6561154
11573	634	33	10645687.1324049
11816	626	31	10124742.7273085
11956	600	31	9268464.11154439
11690	593	32	9682662.28426311
11781	591	32	10846700.523916
11857	604	32	8848908.10965754
11532	599	27	12663899.6180375
11750	610	37	8591010.24836743
12166	622	36	10402451.3214948
11694	635	32	8117692.45312261
11808	646	34	11431567.7842751
11669	601	36	11707898.6503933
11823	641	34	10603557.2805363
11676	651	35	9787379.52371448
12555	648	34	9198649.15389683
11699	627	28	9954024.84197413
11920	630	31	9199448.78963833
12040	614	31	9892038.0935319
11967	621	30	11556883.3894562
12001	616	37	10317290.0498056
11912	595	30	9556608.57829691
11837	655	33	10770780.4775061
12401	615	28	9569553.72119336
11805	608	37	10182708.367996
11935	627	33	10698248.9825915
11947	636	31	8947303.32869871
11520	631	30	9757815.11425041
12108	577	33	10381781.695552
12148	653	34	9658271.47450344
11929	610	33	10446945.2890913
11462	612	35	11724894.8498766
11710	616	29	9212810.6059635
12409	642	35	9954541.96569599
11550	611	32	9435048.80448427
11444	639	37	10848663.9755869
11749	640	35	9781956.19729179
12089	609	27	8489909.80712273
11873	606	39	9437064.58621106
12000	608	36	10892519.3626372
11351	611	34	10760945.692425
11554	589	30	10383883.6617908
11934	669	31	9794968.15732099
11731	653	32	8782412.32067059
12368	661	35	10390785.6345415
11793	596	33	9853530.26641463
11955	629	34	10409076.520166
11570	606	29	10170756.1274987
11746	590	33	10537376.2501673
11832	630	34	10902873.4254741
11517	611	31	11554929.493917
11872	625	29	9807626.10037241
11753	661	27	8752559.54341111
11821	622	31	10230287.0143877
11928	604	33	9486377.18483337
11921	613	32	10621951.5868505
11919	603	33	9311450.7074581
11817	588	37	11207083.5748582
11442	586	35	10659705.2688179
11984	579	31	9863379.15814172
11863	608	27	8916447.14190669
12032	643	30	9001461.40749568
12139	636	33	9623003.19671708
11917	644	35	9637292.33742967
12001	645	37	11812741.3712511
11801	611	32	10228152.5264684
12048	646	38	10333537.8421134
11594	611	34	9478386.87057675
12159	610	30	8779825.86136482
11916	600	32	10433594.9569436
12003	650	41	9476072.8771705
11767	617	29	7377940.1132212
12005	624	36	10457243.3877649
12029	678	33	11442575.6145913
12033	667	35	10209129.396284
11889	594	30	10095789.0812238
11779	597	32	10438231.9640048
12320	622	31	10897213.7040933
12149	618	34	9289439.06579799
11799	648	30	10381465.6883751
11408	599	34	10356553.3335241
11824	647	36	10194220.7814899
12138	627	35	9515759.51179794
12380	642	33	9714008.79302906
12235	654	38	9335898.15908937
12008	624	34	10159020.5303425
11725	597	31	10700933.1889722
11470	611	35	9292340.38602902
12306	609	33	8595277.85777616
12095	623	30	9824906.06372737
11901	632	33	9050797.51701309
11922	640	36	10095185.7576294
11419	630	36	10709864.5356012
11733	621	33	10111210.1783925
11704	615	33	10054811.5438325
11796	656	33	10620071.8694922
11915	625	33	9032422.91210913
11974	574	29	9372734.95304842
11738	627	37	12167144.3843735
11406	617	34	9179787.84507711
12051	630	34	10240073.8849922
12622	672	34	9137907.8867324
11889	663	36	10568761.386907
11746	644	35	11664795.4170503
11845	607	33	11580723.5744618
11743	627	36	11011063.8552938
11800	648	37	10576216.7050754
11993	592	30	11267772.4681237
11828	613	31	11079668.7956894
12106	631	31	9961557.38114986
11553	637	34	11774984.5650144
11714	632	33	10712291.2247558
11737	602	35	9327323.41770271
11646	618	35	9698701.90761387
11687	632	32	11408245.1187402
12006	627	30	9103699.59885403
12028	660	37	10418414.8526865
11442	666	31	10522523.432919
11380	567	31	10177015.9831052
12335	650	33	10691542.5553174
11601	627	37	12275943.836576
11881	638	33	10131115.9218055
11090	600	29	13246914.9030913
12217	646	35	10167224.7604848
11946	597	33	8558232.28432136
11789	631	34	10127200.4261833
11854	635	32	11682709.6347901
11906	618	30	7632990.7707052
12046	586	30	8828441.22061897
11550	608	30	10136080.3796572
12083	651	37	11541581.7038826
12018	660	32	11121834.4554654
11934	681	33	9379359.9956693
12023	628	31	8533059.61823219
12190	609	31	10081308.8589206
11843	659	31	11779582.1455726
11792	644	36	11201341.3266186
11871	616	30	10218246.1475887
11827	623	28	11013787.7894094
11829	592	33	10479730.9522031
11013	612	38	10840577.4309801
12137	663	37	9965451.31534942
11931	610	34	9691659.24893195
12135	648	32	10989417.1025781
11842	597	35	11428791.6638188
11999	587	30	12165480.9755144
11811	614	30	9279825.94495426
11716	609	35	10505323.2434479
11973	643	34	9113510.28316158
11952	615	32	10178054.5813121
11928	622	29	11037172.0772757
11634	647	33	10842234.0872704
11662	610	30	9727049.51190826
11673	619	31	9927598.36964563
12297	643	33	8758917.18933934
12431	658	41	9507385.27300511
11598	617	34	10941857.5662927
11716	595	33	8328473.60343474
11802	594	31	10026537.3899026
12069	635	30	9989605.19361836
11669	620	34	9641587.79308065
11873	616	34	11281196.9069094
12081	638	30	8271805.5256727
11628	646	33	11714062.035173
12155	648	35	10263151.944272
12241	615	34	9139498.71242465
11774	607	39	11271900.4959876
11582	617	31	12442726.6779016
12047	621	32	9993087.84156212
11671	641	38	9960963.9944137
12059	584	29	9813734.83713624
12336	644	35	9578640.86700068
11843	614	32	10429126.418151
11922	592	34	9719663.26408226
11740	644	27	10274119.445917
12183	618	33	10310816.833604
11247	616	37	11407834.2330614
12366	654	30	9049168.81429212
11885	620	36	10274977.3171454
11612	623	32	10264962.9703341
11958	603	33	9750016.71990136
11734	635	36	9733204.86122816
11723	634	34	9790238.08130746
11538	618	30	11000737.4573725
11541	601	30	9292206.65931333
11816	623	26	9373135.23970157
11786	624	31	9836981.27023813
11761	576	32	9265268.14949483
12162	591	36	9980491.53398701
12040	640	37	9367479.24661886
11887	660	33	11252546.1124828
11769	569	35	9805312.12318986
11901	666	36	11498208.4587585
11652	600	35	10299013.2597873
11850	608	35	8344538.30546064
11672	622	33	11327322.8087374
12066	661	35	10821004.445831
12077	655	36	9393426.31810857
12253	641	30	10944749.6573242
11906	624	29	9644592.5717502
11662	610	34	12041311.2991775
11720	604	33	11251043.1947302
11714	612	35	9958724.97262766
11882	652	34	11952581.285864
11823	613	29	10744503.6256539
11643	641	36	11534525.6183674
12295	656	35	9734659.36114586
11901	625	33	11284796.7420309
11891	625	35	10236827.7021409
11919	622	34	11414396.7226214
12143	633	32	9043600.89290979
11775	618	34	12613968.6845485
11806	602	37	9952344.67815694
11977	662	36	9002719.23179832
11963	617	31	10612474.2856609
11936	618	34	9724745.23795865
11755	620	38	10200166.6022449
11620	598	29	9812518.63159952
11793	594	34	9025697.43033343
11985	661	32	9553265.72947299
11944	638	35	10242947.5853736
11387	590	27	12582755.1919706
11911	616	32	8033677.16325896
11921	631	31	10126309.2578206
11746	626	34	9193420.77597265
11011	582	26	11622220.7658754
12016	617	36	8921977.52236888
12440	623	35	10035198.9810454
11754	681	35	10496288.4162804
12033	627	34	9602118.95237706
11794	636	32	8461900.7972792
11776	646	33	11009881.1277913
11708	622	33	8929163.33241719
12091	651	32	9994293.47780677
11520	603	31	9736128.04637869
11783	656	31	9864657.33627362
11907	618	36	9041285.26023751
11923	629	33	9224942.9941821
11870	637	27	9936938.60264711
11847	610	35	8822986.58961565
12117	589	30	8643786.99815055
11995	622	29	8564688.29714487
11635	598	35	9870407.8421703
11499	618	34	12835677.9402285
11583	636	38	10836969.0309754
11522	627	32	10204158.2491734
12131	625	31	9015172.35514493
11713	595	34	11037900.3278189
11858	633	31	10597419.1692705
12270	636	33	8926856.48422679
12290	652	32	12701425.2867269
11775	620	32	12732599.294485
11886	583	34	9785649.23387109
11933	573	26	9274567.08050586
11859	604	31	10452404.5146533
11828	646	35	10943736.5485947
11826	638	32	9776122.15872309
11857	615	35	8827251.17790993
11622	611	32	10615198.2978172
11479	656	31	11962856.6467001
11752	604	29	9966511.58359559
11490	606	32	10009842.0378766
11815	646	36	10062886.8631767
11527	626	29	10749999.1196532
11629	639	32	9662845.74100233
11976	636	32	11552039.8136424
11612	605	31	10583411.7719129
12184	648	33	9287267.79162888
12321	629	31	9734183.60575669
11898	567	29	10484369.2141364
11746	640	27	8682987.87662051
11843	613	29	10755361.7216419
11666	619	30	10486042.6637319
12118	586	31	9261122.48005972
11553	611	30	13423066.3172416
12000	610	29	10156356.0774485
11686	618	32	11080528.3702726
11743	633	36	11476344.5579226
11448	602	28	12309662.4292272
11894	596	33	8373160.79772816
11568	599	34	10239146.1641202
12176	648	32	9521200.747196
12139	620	39	9307339.96546684
11795	650	39	9720225.85217494
11872	648	30	10326205.4933882
12015	590	33	10524353.0697507
11468	637	33	10819766.2300091
11683	647	37	10468610.4666314
11802	633	37	10344015.1657382
11039	576	33	10783037.0995038
11813	575	32	11719670.1500232
11448	649	38	9056141.87582678
12220	603	32	11021737.7524239
11489	608	35	9666770.62529355
11830	653	38	10387902.9544174
11989	597	35	9888780.2626517
12035	617	30	9753055.95801443
12052	648	37	10650545.2899983
11946	615	36	10991525.9166475
11531	621	31	12086589.8648368
11724	604	33	9211244.41003838
11964	639	34	10055966.9678808
11578	628	36	11046181.2245439
12112	640	31	8386394.72064521
11403	588	28	9802793.55843868
11874	650	35	10241349.9140667
12184	615	34	9390363.351199
11927	617	31	9429160.8048848
11525	646	34	10708426.9053185
11697	615	31	10095497.5332184
11637	634	34	10729042.6767691
11471	589	33	11044040.8280973
12314	658	34	10328603.6662511
12108	652	34	8874074.34680405
12288	637	37	10223891.9616339
11960	650	30	10370913.6883824
11862	640	33	10640284.5782708
11367	607	34	12154833.6974503
11846	620	35	9841476.48431199
11611	591	34	9651629.52372694
11927	630	34	11159405.6034345
11793	600	36	10378965.7970993
11925	614	35	9750226.06534012
11681	636	32	9992749.51663734
12005	644	32	11666205.554608
11983	619	34	10130142.0157746
11684	587	34	10512941.9771971
12176	625	33	9631506.51134882
11922	607	32	9951341.04782679
11969	598	33	11207931.6393107
11937	606	34	7999263.78793476
11843	627	35	9144949.79642978
12087	615	37	12343654.0257754
11890	641	28	10451985.8870054
12036	641	35	9097581.21155199
11227	600	33	10007097.6291009
11787	631	31	10085614.6979002
11776	634	38	8548258.50997493
12105	627	30	9970999.86822748
12209	626	32	8911220.74296679
11819	610	33	11462410.9393964
12246	644	31	8989522.87539747
12153	619	33	9107172.54167035
11453	646	33	11442415.7983273
12192	612	32	10067603.7000377
11903	619	33	10070026.2396563
11330	601	33	10406287.5386953
11612	629	36	11903991.0910387
12138	637	38	10145024.4780137
11990	628	36	10125317.2730716
11928	654	37	9667924.69402185
11487	648	31	11598683.6126757
12019	644	31	9696943.01082487
11446	558	29	10648700.053027
11850	606	34	10283486.6693728
12329	649	33	9096662.53917602
11505	587	29	7818925.04934684
11745	593	35	11127588.5344545
11984	598	32	9414455.45344037
11912	631	33	10041420.7589405
12177	672	36	9539110.57877575
11828	622	35	8967117.6823769
12179	671	35	9270909.13897869
12170	668	33	9999120.95212105
11709	617	33	9181057.69637017
11919	637	37	10155989.4488698
11785	614	33	9796975.82106276
12014	622	31	10396692.4229738
11782	582	34	9893920.10514096
11888	643	38	9944220.70139795
11357	611	34	10702139.0482082
11622	602	34	11333230.0806141
11667	637	33	10707999.3933449
11533	636	33	12358601.3086056
11842	616	36	9597809.08763637
11981	597	32	11139212.3645434
11697	622	37	12690914.3385819
11681	615	29	10264091.7475961
12072	630	32	10453513.0487506
11589	642	34	9771628.63177708
11804	647	32	10885040.6362051
11569	619	35	9016616.14694546
12077	642	35	9941557.3008837
12333	618	31	8385417.50358295
11573	593	30	9315301.52642995
12216	658	31	9041085.45799465
12740	649	35	9559183.21800548
12525	649	34	8676822.33365872
11976	634	34	10911171.0451269
11840	612	33	9209771.91026464
11981	624	32	11252907.4884433
11764	598	33	11674118.6988405
11621	615	36	9959093.9518892
11185	616	34	9533569.35185301
11621	621	36	9574531.99786272
11516	611	29	9435393.80739866
12230	621	35	9727531.77215815
11504	594	32	11974621.7915778
12183	630	30	9080872.5360668
11526	601	28	10460106.5399656
11715	672	31	10925619.3645953
11964	642	34	9213779.85868833
11833	647	37	10257834.0641009
11867	657	35	8654679.5749825
11812	598	32	9314387.65965416
11406	607	33	11680273.2259073
11744	606	32	9300861.09493187
11848	623	33	10529087.1296192
11604	582	32	11136353.5659759
11801	647	32	9795299.80041122
12004	633	37	9346197.05649203
11824	587	36	9742481.24665082
12173	590	30	9210794.25803465
12139	667	31	10946332.3449175
11850	623	38	8998852.66993537
12100	647	38	9403630.67122177
11895	639	40	10630160.6410873
11911	606	32	10228453.435659
11458	643	34	9489060.87557775
11572	625	31	9828667.2835493
11890	584	32	10218463.2174393
11707	594	31	9199105.98390286
11937	621	35	8660668.20975375
11575	645	33	11267084.3931826
11681	614	37	9973560.64872052
11808	579	30	9446156.26353767
11841	606	32	9466776.61125529
11791	608	31	8676467.89057131
11471	614	31	9950053.22412902
11768	606	34	9415195.77248009
11819	609	34	9794219.02312099
11694	609	28	9559834.27482721
11633	605	34	10558483.5112981
11610	618	30	10079573.5607802
12122	635	36	10269034.2518171
12127	608	28	10320527.6032193
12118	650	36	9906268.08847081
12178	620	35	9682638.49822957
12171	595	32	9362379.88077816
12075	632	32	10289719.8691915
12195	657	32	8464901.19350945
12106	672	38	9993256.03018839
12187	589	32	8903080.67373671
11934	629	34	9634234.42562606
12048	676	31	10595939.1344496
11864	624	32	9634468.24959378
12145	623	37	10263656.2302432
12015	602	33	10976390.3463919
11945	623	33	12116097.2439441
11980	624	38	9427270.93169057
11939	629	29	10533773.307385
12012	638	35	9187897.64998943
11943	631	33	9217154.15335103
11956	619	37	9661268.71757966
12146	611	36	10320989.0104053
11523	622	31	9799708.04661391
11596	622	32	10489245.5990183
12003	634	31	9169650.48585666
12053	615	30	8164483.18763982
11704	632	33	10103338.2101063
11978	632	32	10404182.0975647
11975	653	29	10426305.1232893
11358	610	35	10651752.5875553
11784	609	30	10434155.5228446
12332	635	28	9836108.87470613
11862	637	33	10669685.2828948
11828	635	34	11778742.6549416
11752	593	32	9692655.89811721
12055	623	34	9767258.27828339
11778	607	31	10754825.7901252
11529	620	32	10834644.4946286
11726	593	34	8683140.43781639
12217	653	35	11237416.0497261
12146	662	35	10009210.5814511
11835	610	30	10275302.5203504
11780	633	30	9947466.28376177
11772	604	32	10170472.2102895
12159	648	30	12057868.8807531
12137	623	35	8926714.69828504
11721	631	35	10391628.4474167
11822	620	34	9336856.7693504
11829	625	35	11187059.8988863
11769	622	34	10413746.8205562
12098	613	30	9852191.27697178
11695	640	38	9576659.63047894
11643	584	34	8385742.1996276
11899	639	31	10919298.9382544
11883	642	35	9704721.22916231
12389	616	37	8915460.79497179
12184	633	30	9777429.49494549
11683	600	34	11265405.1264314
11633	628	32	10044362.9571956
11973	624	32	9270718.03449687
12141	618	29	9423939.52835377
11968	625	34	9415033.20251806
12079	659	32	9244306.63908209
11738	602	35	12781659.4700438
11765	612	34	11108018.4291357
11758	624	31	10269287.7532349
11797	606	32	10284977.2288371
12044	657	31	9694557.7620958
11717	626	31	9584567.9124584
11860	614	38	9761261.53676814
11458	627	34	10242067.8561039
12170	632	38	10162292.6950686
11760	588	29	12093032.6882354
11917	637	36	9372833.53680365
11980	645	36	10631274.0325405
12158	601	26	8122386.1380888
11821	623	38	10196325.0869345
12033	622	32	11599202.3883009
11860	607	35	8983904.47948211
11510	583	34	10108833.5651669
11424	606	32	8742278.37371085
11612	639	33	11915735.2690713
11746	581	33	10312968.4012899
12016	648	29	8315854.23776121
11959	634	31	10599648.7663325
11872	611	31	10588489.8270955
12099	644	37	11130955.0481902
12240	624	32	9321737.21276398
11765	634	37	9244695.92641928
11555	655	33	10591898.7596858
11833	614	34	9900384.27693854
11270	590	37	12543715.8594384
12331	621	33	10033382.4456417
11626	604	28	10338173.9523909
12128	649	33	10216053.9175196
11876	598	35	10969511.6442191
11805	646	35	9119448.76363421
12022	590	32	9911343.37927023
11678	635	34	9449706.50096509
11970	562	34	10388252.934038
11920	622	32	9706124.50404449
11773	628	33	11757809.5638548
11801	625	34	10714388.0934507
12196	626	33	9652226.70053762
11838	627	35	9738012.45200459
11759	631	35	10194041.0244693
11866	639	32	9449667.38864996
11839	638	33	9061260.36631475
11328	598	36	11316663.0186043
11997	601	36	9324443.85229987
11560	667	36	9072199.78879806
12053	655	31	9067293.06507707
12199	637	32	10606241.5648932
11851	636	31	12219803.0673971
11869	610	33	11512148.375521
11711	641	34	10837677.6248209
11711	623	33	9341689.05968438
11866	641	32	11170955.2689049
11721	621	33	10885180.9269054
11652	619	35	12591407.7500573
11517	616	28	11080378.8894858
11629	637	32	9892764.40435438
12191	621	36	9529505.90444494
11648	594	33	10530364.3921793
11798	572	30	11095017.0918912
11894	647	31	8732824.33891246
11706	610	29	10698620.1663586
12007	657	33	9026699.73677059
11227	577	29	11106928.724885
12144	627	35	11736156.1047907
12242	611	30	10328555.9747838
11814	614	36	10101495.0147325
11537	597	27	10860067.038707
11539	613	31	11357181.4985707
12105	613	30	9875888.39062523
11698	629	33	11038613.0808742
11969	606	32	9770227.62831069
11903	611	29	9910881.46837948
11977	637	34	11183223.874848
11722	635	31	11970442.986553
11410	621	32	12040983.3962985
11742	613	29	10888017.2544827
12033	651	34	9735951.87088941
11892	664	33	10429609.9903962
11901	626	28	10765670.1368343
11718	627	33	10624587.294361
12117	633	31	10607917.4595983
12005	631	34	11100382.2813405
11870	590	33	8320084.78670127
12533	597	32	9476241.35824355
11540	613	31	11110091.9237941
11352	640	33	10859148.8905359
12311	623	30	8315689.3218356
11483	615	34	8837985.96170589
11727	614	36	11078210.0292841
11734	590	35	9791529.05955412
11347	662	29	11559051.4274168
11690	624	33	10318572.6635049
11595	610	32	10442996.1100144
11785	615	36	9838586.73587817
11171	634	33	10658071.2682384
11591	596	33	9433028.41235182
11820	657	31	10020498.7597614
11610	601	36	10783255.6087379
11351	607	34	10218348.4319715
