"iteration"	"intercept"	"first"	"second"	"third"	"fourth"
"genome_1"	1331664.95596167	-0.0654440174346327	1.20505133418133e-09	-9.8534298325747e-18	3.01877817453449e-26
"genome_10"	1679575.58222789	-0.0821894519739086	1.50693669261425e-09	-1.2269341782822e-17	3.74291101675187e-26
"genome_100"	1132706.81643259	-0.0554988236362885	1.01869776016175e-09	-8.30208072382728e-18	2.53468373318488e-26
"genome_101"	1162412.73102894	-0.0568994349321366	1.04332850453539e-09	-8.49343524099035e-18	2.59005563704535e-26
"genome_102"	1435411.54506707	-0.0705663459746797	1.29975603067495e-09	-1.06305266316516e-17	3.25755802849825e-26
"genome_103"	1434984.75894566	-0.0703153756501299	1.29085380188419e-09	-1.05223546137225e-17	3.21346392348551e-26
"genome_104"	1351610.8492475	-0.066330500825705	1.21958995054782e-09	-9.9572506593756e-18	3.04583379615096e-26
"genome_105"	1131132.88379443	-0.0554238645957797	1.01732089602372e-09	-8.29051142070956e-18	2.53093869991707e-26
"genome_106"	1455816.27420711	-0.0715360495797638	1.31698665096739e-09	-1.07661736517795e-17	3.29746733130838e-26
"genome_107"	866949.353090883	-0.0425045128105451	7.80555840769657e-10	-6.36332122216416e-18	1.94307283552992e-26
"genome_108"	1278072.7497813	-0.0625579081869315	1.1472231303238e-09	-9.34195848623341e-18	2.85015013204938e-26
"genome_109"	1106267.13517713	-0.0541629584090407	9.93379074065372e-10	-8.08875639533162e-18	2.46727200464733e-26
"genome_11"	1336117.55009772	-0.065475164697431	1.20208014676237e-09	-9.79942030435728e-18	2.99290488324396e-26
"genome_110"	1091791.12036733	-0.0535978389731096	9.85539658385459e-10	-8.04466613717285e-18	2.45961813165344e-26
"genome_111"	1239424.00402215	-0.0608182832357904	1.11805521042425e-09	-9.12625830085745e-18	2.79086283678368e-26
"genome_112"	1659356.11538716	-0.0815636412522612	1.50211183628133e-09	-1.22840848808691e-17	3.76386687022665e-26
"genome_113"	1445812.00839219	-0.0709322140796835	1.30387922526967e-09	-1.06433688190397e-17	3.25524982778012e-26
"genome_114"	1196814.42296628	-0.0586407181456418	1.07635878051627e-09	-8.77171529605388e-18	2.67791367701152e-26
"genome_115"	1194205.07893544	-0.0583387533407629	1.06766335609503e-09	-8.67550035185701e-18	2.64090162752121e-26
"genome_116"	1577155.7104736	-0.0773795943445898	1.42235625055977e-09	-1.16092973442834e-17	3.55005150690169e-26
"genome_117"	1752163.64410944	-0.0856809192737079	1.56989556517308e-09	-1.27737897334107e-17	3.8944475900886e-26
"genome_118"	1470403.96696555	-0.0721889026498594	1.32784235415464e-09	-1.08455350262969e-17	3.31894369576149e-26
"genome_119"	1633207.66739969	-0.0800080969957729	1.46850629017977e-09	-1.19688475583934e-17	3.65492600169087e-26
"genome_12"	859243.052233669	-0.0419337041933344	7.66497921653932e-10	-6.21929520518109e-18	1.89002217706819e-26
"genome_120"	1252779.29619648	-0.0612880773645846	1.12336038638245e-09	-9.14299958476897e-18	2.78804425379128e-26
"genome_121"	1419177.24490087	-0.0693814122251205	1.27083835604473e-09	-1.03362488731606e-17	3.14974837414559e-26
"genome_122"	1433303.29660371	-0.0702703146889125	1.29073407359796e-09	-1.05273303359776e-17	3.21685754193872e-26
"genome_123"	1663070.1356952	-0.0815160032184801	1.4970466754256e-09	-1.22088244068947e-17	3.73055982366205e-26
"genome_124"	1615297.39021697	-0.0794360599484606	1.46367371615202e-09	-1.19761820717128e-17	3.67160514957214e-26
"genome_125"	1535903.08082422	-0.0751093083868433	1.37619244989553e-09	-1.11970808600177e-17	3.41338555302173e-26
"genome_126"	1454234.96905367	-0.0712143792150951	1.30660400871168e-09	-1.06450658407994e-17	3.24934348343437e-26
"genome_127"	1080822.55123574	-0.0529099341480496	9.70277562357767e-10	-7.89977536302501e-18	2.40939539706925e-26
"genome_128"	1647458.03199168	-0.0805998169304264	1.4774586550415e-09	-1.20266136777519e-17	3.66803149873393e-26
"genome_129"	1670365.75171859	-0.0816935742044168	1.49699640267197e-09	-1.21813447577753e-17	3.71386583192722e-26
"genome_13"	1528901.34871988	-0.0747807389934109	1.37041963177963e-09	-1.11520888694322e-17	3.40026521621303e-26
"genome_130"	1539428.41669601	-0.0752624538006495	1.37864923111999e-09	-1.12142735793826e-17	3.41779237986542e-26
"genome_131"	945610.104924868	-0.0463207548140537	8.49929137017575e-10	-6.92336755996317e-18	2.11248914248537e-26
"genome_132"	1213988.33736314	-0.059471826035564	1.0914555846977e-09	-8.89372522626289e-18	2.71493498203819e-26
"genome_133"	1329225.91291983	-0.0652298443414841	1.19935145575943e-09	-9.79229587270731e-18	2.99554558121972e-26
"genome_134"	918896.055485979	-0.0449925244816999	8.25225069665867e-10	-6.71967366623569e-18	2.04967099676531e-26
"genome_135"	1576532.90973853	-0.0774964510022645	1.42733393033495e-09	-1.16740185961205e-17	3.57751930520721e-26
"genome_136"	1813653.37706362	-0.0885193496098767	1.61881973068864e-09	-1.31468045373778e-17	4.00053427461983e-26
"genome_137"	1191611.70407333	-0.0583420818272911	1.07007787853366e-09	-8.71404565505384e-18	2.65833934923501e-26
"genome_138"	1896458.48549101	-0.0928258056620709	1.7024265801741e-09	-1.38652454352294e-17	4.23117531100621e-26
"genome_139"	1066774.23649957	-0.0522730583647763	9.59468530457912e-10	-7.81834290069384e-18	2.38640564970054e-26
"genome_14"	1169145.37270599	-0.0572249802907562	1.04930315977992e-09	-8.54278935652992e-18	2.60553791547883e-26
"genome_140"	1107586.34483345	-0.0542543446826135	9.95533781252311e-10	-8.1101243479432e-18	2.47494291846113e-26
"genome_141"	906237.636155651	-0.0445356369209227	8.19821824897435e-10	-6.69984334310033e-18	2.05097852479817e-26
"genome_142"	893256.691756999	-0.0438718292181412	8.07015811740687e-10	-6.58953547196563e-18	2.0152291720619e-26
"genome_143"	828160.094795621	-0.0407683460288072	7.51542565307354e-10	-6.14889063191277e-18	1.88397321211259e-26
"genome_144"	855434.009768402	-0.0417473914839602	7.63040879045303e-10	-6.19044603800474e-18	1.88088753802877e-26
"genome_145"	1468666.57858545	-0.0720166234799051	1.32303233635516e-09	-1.07925075460978e-17	3.29840931745512e-26
"genome_146"	1614574.62596903	-0.0790868208159545	1.45145975271141e-09	-1.18289422567391e-17	3.61195062752979e-26
"genome_147"	1071418.50016529	-0.052591936361177	9.66946473379566e-10	-7.89217313754934e-18	2.41279277839805e-26
"genome_148"	1845868.96751253	-0.0904052718278022	1.65901283969833e-09	-1.35192896500559e-17	4.12782008554771e-26
"genome_149"	1315337.06748337	-0.0645296867074378	1.18604108405779e-09	-9.67927786959005e-18	2.95940777210438e-26
"genome_15"	1623250.37643928	-0.0793746073752182	1.45415904937006e-09	-1.18293498233692e-17	3.60531100028944e-26
"genome_150"	1455579.29987359	-0.0715392965231109	1.31731482651336e-09	-1.07710205815475e-17	3.29961089849366e-26
"genome_151"	1405395.50216067	-0.0688953917791969	1.26538460428455e-09	-1.03200367325415e-17	3.15342053059557e-26
"genome_152"	1524934.99313124	-0.0748971961404512	1.3782807795921e-09	-1.12629885269719e-17	3.44849130882925e-26
"genome_153"	1678329.57191392	-0.0822588324020551	1.51053879906096e-09	-1.23171586949949e-17	3.76299428517545e-26
"genome_154"	1040586.15556614	-0.0510342367964983	9.3759407979955e-10	-7.64757420642902e-18	2.33670954538062e-26
"genome_155"	1561589.68050177	-0.0762544660870024	1.39508859226176e-09	-1.13334264522593e-17	3.44951731900885e-26
"genome_156"	1120240.25077833	-0.054830927978383	1.00534431200545e-09	-8.1839515812716e-18	2.49565821566908e-26
"genome_157"	1850670.71525875	-0.0904051104153674	1.65476190446796e-09	-1.34506031464058e-17	4.0966256053427e-26
"genome_158"	1298079.66767314	-0.0635800422061666	1.16659541494568e-09	-9.50350184001106e-18	2.90018289634404e-26
"genome_159"	1500073.43124289	-0.0733767297763975	1.34477065988725e-09	-1.09437729670452e-17	3.3367973351067e-26
"genome_16"	1313781.62062635	-0.0643061873212463	1.17925579836802e-09	-9.60227277847419e-18	2.92931490211965e-26
"genome_160"	1095613.22531293	-0.0536408127517988	9.83800776005801e-10	-8.01083080391736e-18	2.44355414718098e-26
"genome_161"	1416699.88522172	-0.0695026813532752	1.27751848573369e-09	-1.04270179325739e-17	3.18856816401067e-26
"genome_162"	1255307.04730185	-0.0615711115675719	1.13136756311041e-09	-9.23029455996073e-18	2.82116363631234e-26
"genome_163"	1299781.09563845	-0.0638372036182221	1.17460495016308e-09	-9.59643549533819e-18	2.93727270012604e-26
"genome_164"	1298109.99652609	-0.0637486740051734	1.17289788508657e-09	-9.58218663703232e-18	2.93292224984207e-26
"genome_165"	1803223.96461844	-0.0881399940941479	1.61421476266028e-09	-1.31280261107739e-17	4.00038616672798e-26
"genome_166"	1605257.02082265	-0.0786727872829424	1.44460442179269e-09	-1.17788653219145e-17	3.5983515569218e-26
"genome_167"	1392474.55010593	-0.0682075023636276	1.25177568140038e-09	-1.02013053487482e-17	3.11483631977204e-26
"genome_168"	1843226.8851804	-0.090081457308278	1.64954168969818e-09	-1.34136604825078e-17	4.08697438003614e-26
"genome_169"	1037429.46216007	-0.0508010915144594	9.31832254943202e-10	-7.58819581635372e-18	2.31468585160141e-26
"genome_17"	1168852.41069783	-0.0572738304315292	1.05132556046519e-09	-8.56817878632517e-18	2.61593158616307e-26
"genome_170"	1407408.07400996	-0.068962469408585	1.2660127941148e-09	-1.03200425612811e-17	3.1517990042999e-26
"genome_171"	1815484.53803495	-0.088841616775979	1.6289992498951e-09	-1.32644990515165e-17	4.04707145363146e-26
"genome_172"	1542693.00324651	-0.0755045692075529	1.38453984601492e-09	-1.12735632325577e-17	3.43918461160129e-26
"genome_173"	1168455.65292173	-0.0571702148748243	1.04797036890462e-09	-8.52971392664771e-18	2.6010055054364e-26
"genome_174"	1697839.80053968	-0.0832810885286391	1.53060858687627e-09	-1.24921172271635e-17	3.82012788411263e-26
"genome_175"	1331279.74360009	-0.0653128441758057	1.20045097248931e-09	-9.7969936443064e-18	2.99543543957541e-26
"genome_176"	1502358.57417602	-0.0737727765945423	1.35727798784743e-09	-1.10886267457429e-17	3.39421267946638e-26
"genome_177"	1769069.65201079	-0.0868903573548726	1.59903993984818e-09	-1.30675495979058e-17	4.00121418931528e-26
"genome_178"	1472370.08901042	-0.0721927942681806	1.32620096668684e-09	-1.0818061951132e-17	3.30620816583671e-26
"genome_179"	1512970.29707133	-0.0739190187162451	1.35307232205602e-09	-1.09979022020411e-17	3.34917339687332e-26
"genome_18"	1126411.27936924	-0.0551277695649227	1.01070368233397e-09	-8.22700648699391e-18	2.50864668654844e-26
"genome_180"	1388750.85830767	-0.0679480677113284	1.24561209616408e-09	-1.01397355496793e-17	3.09259914035051e-26
"genome_181"	667371.652218154	-0.0329144151555518	6.07832676119745e-10	-4.98143293735566e-18	1.52869623771178e-26
"genome_182"	1491207.7342059	-0.0731971431118027	1.34613298225259e-09	-1.0992734233128e-17	3.36328332533495e-26
"genome_183"	1465036.43864121	-0.0716460153140892	1.31275291280395e-09	-1.06808631960728e-17	3.25594594501195e-26
"genome_184"	1272283.70526047	-0.0624729306983877	1.14927785486607e-09	-9.38791340655954e-18	2.87302829082464e-26
"genome_185"	1303627.92201243	-0.0638410678880194	1.17125114124712e-09	-9.54087773943241e-18	2.91159105752687e-26
"genome_186"	1608467.50842731	-0.0789712817916936	1.4527087888937e-09	-1.18665920165187e-17	3.63184173072657e-26
"genome_187"	1217932.54099647	-0.0596260288958158	1.09366842003134e-09	-8.90753022552507e-18	2.71810187024986e-26
"genome_188"	1394089.3557149	-0.0681497950520508	1.24824287435769e-09	-1.01526372795821e-17	3.09398621542131e-26
"genome_189"	944067.862570742	-0.0464490651322134	8.56091524794568e-10	-7.00515012016496e-18	2.1472581133157e-26
"genome_19"	1333287.88191308	-0.0651954428409572	1.19436637171277e-09	-9.71559404587652e-18	2.96092328133761e-26
"genome_190"	1522152.52798659	-0.0744360801184128	1.36384616690045e-09	-1.10965690022589e-17	3.38273624555522e-26
"genome_191"	1204266.48596965	-0.0590719397921902	1.085535704768e-09	-8.85719699328607e-18	2.70740453002872e-26
"genome_192"	1247215.98420329	-0.0611409714106514	1.12286450327742e-09	-9.15612392402197e-18	2.79705236118931e-26
"genome_193"	1180193.39708164	-0.0577371074489951	1.05810092806033e-09	-8.60904351226888e-18	2.62394279674471e-26
"genome_194"	1474499.85201992	-0.0722225405979563	1.32537615027308e-09	-1.08001347231774e-17	3.29729696870551e-26
"genome_195"	1610421.84308663	-0.0786000125137097	1.43731611137302e-09	-1.1671129117689e-17	3.55073557504211e-26
"genome_196"	1541178.16120549	-0.0757967168790423	1.39672882850513e-09	-1.1429412419123e-17	3.50430274748319e-26
"genome_197"	1309302.50061427	-0.0638619658066537	1.16702894309592e-09	-9.46981919449854e-18	2.8789641678327e-26
"genome_198"	1368939.83672259	-0.0671526526989921	1.23414176454352e-09	-1.00710636266349e-17	3.07899865085413e-26
"genome_199"	1334479.1498973	-0.065498111179449	1.20442454688983e-09	-9.83444517257785e-18	3.00853631169e-26
"genome_2"	1479708.00148385	-0.0725005171256507	1.33094508303592e-09	-1.08497113200128e-17	3.31383003898346e-26
"genome_20"	1375249.66958942	-0.0675562583695552	1.24332962214471e-09	-1.01608400971906e-17	3.11108345601448e-26
"genome_200"	634662.830976854	-0.0313952255180038	5.81471739794649e-10	-4.77897101919582e-18	1.47064814912679e-26
"genome_201"	1112439.06928396	-0.054432653687262	9.97758192361597e-10	-8.12004579244847e-18	2.47556605930482e-26
"genome_202"	1588736.59040885	-0.077564305471619	1.41886284122984e-09	-1.15258345307416e-17	3.50810424553366e-26
"genome_203"	1297003.11265803	-0.063417058919384	1.16165338161032e-09	-9.44793364277901e-18	2.87873473080625e-26
"genome_204"	1238034.09875589	-0.0606069210454926	1.11150610063374e-09	-9.05078602839082e-18	2.76096428667365e-26
"genome_205"	1366978.99437842	-0.0668941045666504	1.22648350452534e-09	-9.98546632950215e-18	3.0459489753435e-26
"genome_206"	232201.758424074	-0.0118626145130425	2.26018255948354e-10	-1.90441441459377e-18	5.99019148991919e-27
"genome_207"	1010688.23521642	-0.0494473507146039	9.06195525997835e-10	-7.37288772390529e-18	2.24700820257121e-26
"genome_208"	1698442.38568751	-0.0829717870541766	1.51863467047073e-09	-1.23425191536162e-17	3.75834140043958e-26
"genome_209"	1392848.64343576	-0.0683115533899903	1.25520806269632e-09	-1.02412765969247e-17	3.1305806134858e-26
"genome_21"	1920547.28764164	-0.0940261261992211	1.72482149728385e-09	-1.40506703186401e-17	4.28866324868207e-26
"genome_210"	1496670.65859092	-0.0732101021080915	1.34164607884184e-09	-1.0917208473837e-17	3.32817712286992e-26
"genome_211"	773836.786404776	-0.0379994994458517	6.98884577721881e-10	-5.70582594511756e-18	1.74475712901384e-26
"genome_212"	1197357.72744877	-0.0588232741545442	1.08263659685196e-09	-8.84727829889668e-18	2.70860472171163e-26
"genome_213"	1591644.84270035	-0.0780293965992566	1.43321863404759e-09	-1.16894679257493e-17	3.57207878971306e-26
"genome_214"	1727533.09388139	-0.0845412305155115	1.55013957457567e-09	-1.26217044020969e-17	3.85056799111467e-26
"genome_215"	545509.432447739	-0.0269575858831809	4.9868836510054e-10	-4.09304946549172e-18	1.25766689427971e-26
"genome_216"	1531451.80635946	-0.074784975414495	1.3682930591869e-09	-1.11168636827837e-17	3.38406239033141e-26
"genome_217"	1280828.14639703	-0.0628210781562205	1.15437061079252e-09	-9.41880401404406e-18	2.87920291393818e-26
"genome_218"	1534098.03694031	-0.0750414598171512	1.37534009558873e-09	-1.11934696533868e-17	3.41334307251265e-26
"genome_219"	1131400.22890709	-0.055527543820342	1.02098563727236e-09	-8.33555828449507e-18	2.54958226483918e-26
"genome_22"	1186026.83166792	-0.0580180393085507	1.06322771629773e-09	-8.65105696946208e-18	2.63698122358308e-26
"genome_220"	1599765.29332959	-0.0782383826130783	1.43363739932994e-09	-1.16654105597085e-17	3.55645320070592e-26
"genome_221"	1693978.17877911	-0.0829642466962513	1.52242076839931e-09	-1.24057818613975e-17	3.78768732555363e-26
"genome_222"	1165192.48230903	-0.0570360136533274	1.04583642512007e-09	-8.51382943100916e-18	2.59625151666815e-26
"genome_223"	887172.636748298	-0.0433282612520982	7.92611409662564e-10	-6.43661358745135e-18	1.95783398450237e-26
"genome_224"	1843722.94494069	-0.0901143039568076	1.65030243977647e-09	-1.34211666259891e-17	4.08967341296312e-26
"genome_225"	1556222.0291989	-0.0761037095076487	1.39443488629281e-09	-1.13457702073808e-17	3.45882055472462e-26
"genome_226"	1537591.27326202	-0.0753047072282854	1.38183905800435e-09	-1.12598445546e-17	3.43765422312664e-26
"genome_227"	1257749.17558359	-0.0615732884585268	1.12924648590717e-09	-9.19535294825202e-18	2.80509025302536e-26
"genome_228"	1288389.52890501	-0.0630023929609446	1.15419603208465e-09	-9.38856584239243e-18	2.8610853510608e-26
"genome_229"	1181621.75897072	-0.057926282636803	1.06375929173402e-09	-8.67295776878006e-18	2.64888656014591e-26
"genome_23"	1263385.59644999	-0.0619523747941409	1.13811714415534e-09	-9.28341978460461e-18	2.83684978666695e-26
"genome_230"	1342198.97086627	-0.0655787257635827	1.20049436107787e-09	-9.75872892600931e-18	2.97219449611909e-26
"genome_231"	1388673.30773071	-0.0680321219956948	1.24866189067892e-09	-1.01760247747299e-17	3.10691703727454e-26
"genome_232"	1230845.845841	-0.0602461773499916	1.10472637258724e-09	-8.99423057668336e-18	2.74329438327074e-26
"genome_233"	1410216.73768367	-0.0689311051297002	1.26236736693954e-09	-1.0265550728546e-17	3.12765997416143e-26
"genome_234"	1194769.95872412	-0.0584056707847413	1.06966927090483e-09	-8.69866392126777e-18	2.65020295495923e-26
"genome_235"	989894.4660394	-0.0484049683780118	8.86597527875741e-10	-7.20910427576526e-18	2.19567380846166e-26
"genome_236"	1273587.42358837	-0.0624519972108196	1.14733486895106e-09	-9.35934001892266e-18	2.86039851457547e-26
"genome_237"	1052294.48504875	-0.0515712257502412	9.46682234478965e-10	-7.71455039588761e-18	2.35472627981086e-26
"genome_238"	1412865.43633383	-0.0694472135665797	1.27892476055404e-09	-1.04582011738959e-17	3.20410312371818e-26
"genome_239"	1632342.2648337	-0.0798268887029601	1.46269765072881e-09	-1.19017996965032e-17	3.62859435333177e-26
"genome_24"	1660961.93061097	-0.0812944985740996	1.490819202544e-09	-1.21404894852221e-17	3.70432887119577e-26
"genome_240"	808213.498354615	-0.0394838330637959	7.22360586525228e-10	-5.8655535420466e-18	1.78358655698439e-26
"genome_241"	1444302.24904417	-0.0707903621896794	1.29995820368447e-09	-1.06000565552783e-17	3.23835842867424e-26
"genome_242"	1071812.27761105	-0.052486464458724	9.62857603651234e-10	-7.84237545855363e-18	2.39287059156883e-26
"genome_243"	1258468.74371125	-0.0616805904177315	1.13257311731061e-09	-9.23381818414768e-18	2.82039348548925e-26
"genome_244"	1327406.03689307	-0.0648900532685504	1.18839701061117e-09	-9.66359082876394e-18	2.94390522916933e-26
"genome_245"	1344826.11974457	-0.0657602066234486	1.20475166174639e-09	-9.80062647003799e-18	2.98707915174171e-26
"genome_246"	1462075.69028924	-0.0718003920207637	1.32107957327129e-09	-1.0793498678888e-17	3.30401774382192e-26
"genome_247"	1483926.79189243	-0.0726930939298306	1.33417946946132e-09	-1.0873280704772e-17	3.32006853266802e-26
"genome_248"	1622097.97574298	-0.0793030096764369	1.45269054543742e-09	-1.18171334743388e-17	3.60181326202263e-26
"genome_249"	1662925.0416332	-0.0816141895853265	1.50072767927587e-09	-1.22537019487756e-17	3.74867505512663e-26
"genome_25"	1039116.08402898	-0.0508883817660314	9.33468960131687e-10	-7.601345768193e-18	2.31848324274338e-26
"genome_250"	1301809.08118565	-0.063641079991759	1.16560507375288e-09	-9.47925144192017e-18	2.88815630351305e-26
"genome_251"	1401637.79578329	-0.0687947704302547	1.26504900723492e-09	-1.03294625492803e-17	3.15996873298431e-26
"genome_252"	1366142.41637643	-0.0670347077683416	1.23234325984813e-09	-1.00595248981847e-17	3.07646992702329e-26
"genome_253"	1303369.77960432	-0.0637944032530451	1.16974594969622e-09	-9.52313050413338e-18	2.90444161017756e-26
"genome_254"	1110456.15139139	-0.0544918517068335	1.00175231989854e-09	-8.17660944203439e-18	2.50026628566159e-26
"genome_255"	1373969.76044678	-0.0671650912511267	1.23010019577131e-09	-1.00035144166827e-17	3.04785831482281e-26
"genome_256"	1437262.33347754	-0.0704499784937018	1.29373056588946e-09	-1.05489723521654e-17	3.2225159245274e-26
"genome_257"	1315582.46968279	-0.0643614127306351	1.17972343188284e-09	-9.60211029098903e-18	2.92819357442935e-26
"genome_258"	1943843.23708865	-0.0950803334800888	1.74257591924066e-09	-1.41823973600645e-17	4.32493366482891e-26
"genome_259"	904526.508349365	-0.0442228910407428	8.09856300892775e-10	-6.58396183873423e-18	2.00493285997528e-26
"genome_26"	1465252.48932274	-0.0717235430910655	1.3154321276139e-09	-1.07131654979972e-17	3.26907539025021e-26
"genome_260"	1498809.10010665	-0.0736458331801444	1.35579067181985e-09	-1.10832132897175e-17	3.39455796767896e-26
"genome_261"	1131092.15425476	-0.0554280639421969	1.01755130251581e-09	-8.29397246667911e-18	2.53258377811598e-26
"genome_262"	1266734.43147799	-0.0620679998940797	1.13938668786489e-09	-9.28711326624977e-18	2.83603559468284e-26
"genome_263"	1440829.04890904	-0.0707236270733038	1.30060688188943e-09	-1.0620446031115e-17	3.24915560589082e-26
"genome_264"	1108492.59515867	-0.0541648682304106	9.91391568838625e-10	-8.05561557539168e-18	2.45184086116435e-26
"genome_265"	1296366.05932117	-0.0635715569885466	1.16790619142679e-09	-9.52683828030337e-18	2.91139698986882e-26
"genome_266"	516384.607476151	-0.0249387182538335	4.50690566753254e-10	-3.61190656488202e-18	1.08299978797243e-26
"genome_267"	1334324.36106104	-0.0655417113464204	1.20617816409666e-09	-9.85662030509343e-18	3.01774920294774e-26
"genome_268"	1228101.27756185	-0.0600753379897288	1.10092553781096e-09	-8.95785686220111e-18	2.73054836401419e-26
"genome_269"	1445974.93551576	-0.0709637243531127	1.30478993186133e-09	-1.06526801961943e-17	3.25841890751324e-26
"genome_27"	1360835.58820135	-0.0665311185104571	1.21857843813576e-09	-9.91006108739764e-18	3.01931438234792e-26
"genome_270"	1269736.44148339	-0.0620792837628678	1.13698575798762e-09	-9.24532538286188e-18	2.81619153090016e-26
"genome_271"	1711482.23703864	-0.0835263652504713	1.52737857493508e-09	-1.240298682152e-17	3.77377958662834e-26
"genome_272"	1192949.44137999	-0.0584629372497768	1.07333135882308e-09	-8.7491659122296e-18	2.67174251088356e-26
"genome_273"	1262489.25593829	-0.0618534766469727	1.1352841300182e-09	-9.25197492073583e-18	2.82468160052454e-26
"genome_274"	1362992.01437012	-0.0668098288725822	1.22689247419687e-09	-1.00040847142348e-17	3.05610854179978e-26
"genome_275"	1334392.47027046	-0.0655248402888896	1.20544518043584e-09	-9.84676695439712e-18	3.01342469048905e-26
"genome_276"	1339844.32358341	-0.0656645826314863	1.20570826353561e-09	-9.83043605295591e-18	3.00288218654935e-26
"genome_277"	1561470.13565962	-0.0765157481527313	1.4047978157175e-09	-1.14526876384325e-17	3.49821287259373e-26
"genome_278"	1349649.53316017	-0.0662673961678381	1.21899974501191e-09	-9.95675134716756e-18	3.04689614998271e-26
"genome_279"	1642059.93348422	-0.0803327221853269	1.47249163161081e-09	-1.19854713729284e-17	3.65522561831103e-26
"genome_28"	1533753.71402517	-0.0754632680063953	1.39114448304995e-09	-1.13881101419414e-17	3.49292968234339e-26
"genome_280"	995956.45868789	-0.0488949920891398	8.99188880397983e-10	-7.34150055364973e-18	2.24533906240775e-26
"genome_281"	907469.252593247	-0.044746661042303	8.26280705918994e-10	-6.77212392393313e-18	2.07862003958979e-26
"genome_282"	1415820.87568751	-0.0695243852545306	1.27911818433751e-09	-1.04499635691185e-17	3.19864050257859e-26
"genome_283"	1145341.92238653	-0.0561956673608846	1.03283790445448e-09	-8.42771694355934e-18	2.57604449581495e-26
"genome_284"	1536807.89407935	-0.0753494228476665	1.38407772881679e-09	-1.12887595249726e-17	3.44946810607587e-26
"genome_285"	1313288.17585601	-0.0643879386137634	1.18265650483203e-09	-9.64511754267042e-18	2.94690851291733e-26
"genome_286"	1405616.79360051	-0.0686611003715709	1.25656312663984e-09	-1.02110842639334e-17	3.10876398646133e-26
"genome_287"	1232621.45252874	-0.0604150455838768	1.10933757952151e-09	-9.04420846711093e-18	2.76236408467509e-26
"genome_288"	1567423.96334233	-0.0767928104344222	1.40960268999937e-09	-1.1489466463555e-17	3.50868803102851e-26
"genome_289"	1443243.99176822	-0.0707667957825574	1.30004114831109e-09	-1.06049346215506e-17	3.24114027111057e-26
"genome_29"	1210916.84075979	-0.0593811500849223	1.09093108060902e-09	-8.89910166648526e-18	2.71963843814557e-26
"genome_290"	859856.179279423	-0.0419698694098396	7.672003250691e-10	-6.2247085863902e-18	1.89138201448211e-26
"genome_291"	860100.722284464	-0.0422918289261994	7.78785877336226e-10	-6.36536584245791e-18	1.94846533282309e-26
"genome_292"	1447903.60335647	-0.0708835117029177	1.30016515245001e-09	-1.05897335311882e-17	3.23161905009308e-26
"genome_293"	1482084.67783347	-0.0727825729904181	1.33913229913028e-09	-1.09407581833384e-17	3.34900159813604e-26
"genome_294"	571814.910866757	-0.0282811804468852	5.23611626713378e-10	-4.30119329079588e-18	1.32271650507652e-26
"genome_295"	1712902.61401862	-0.0837665498468922	1.53488527457809e-09	-1.24891621771317e-17	3.80765195883155e-26
"genome_296"	1737856.49971711	-0.0849574039084797	1.55616859573232e-09	-1.26579945412121e-17	3.85780655359838e-26
"genome_297"	1547602.6562211	-0.076023982988033	1.39921165071113e-09	-1.1435197705108e-17	3.50144345774403e-26
"genome_298"	1399194.76875392	-0.0684390893958575	1.25413435803177e-09	-1.02042849279884e-17	3.11053253736973e-26
"genome_299"	1094627.76840138	-0.0536422903312656	9.84797881389478e-10	-8.02732530681894e-18	2.45128668398331e-26
"genome_3"	1372542.43355066	-0.0672690726273828	1.23522994432821e-09	-1.00718196436912e-17	3.07688231683956e-26
"genome_30"	806046.564859019	-0.0395682141634689	7.27546392361632e-10	-5.93865170100262e-18	1.81570071072575e-26
"genome_300"	1440906.7725383	-0.0706869322316648	1.29915280062982e-09	-1.06019204224323e-17	3.24136226106165e-26
"genome_301"	1422319.06919914	-0.0696946222328965	1.27947423895537e-09	-1.04298664289593e-17	3.18534049395725e-26
"genome_302"	938236.832741713	-0.0459174670323173	8.41698009614027e-10	-6.84904356872537e-18	2.08743138164935e-26
"genome_303"	713848.69343365	-0.0348359106159306	6.36594123455265e-10	-5.16285063121565e-18	1.56789436631889e-26
"genome_304"	1292905.20553199	-0.0634296266551299	1.165810042856e-09	-9.51390303068254e-18	2.90870918343097e-26
"genome_305"	698775.876656843	-0.0340078720422362	6.19717585873375e-10	-5.01135909888864e-18	1.51729699142459e-26
"genome_306"	1094580.11769418	-0.0537590044634891	9.89143317492815e-10	-8.08084881316722e-18	2.47320694659682e-26
"genome_307"	1275811.16221409	-0.0625513680636544	1.14894057784905e-09	-9.37031750320381e-18	2.86301055911646e-26
"genome_308"	963441.26493808	-0.0471091303252518	8.62842752841972e-10	-7.01597495069702e-18	2.13691961645681e-26
"genome_309"	1191165.1314968	-0.0583178263771002	1.06959272236751e-09	-8.70977530774738e-18	2.65693471530772e-26
"genome_31"	914646.442798518	-0.0446344849379509	8.15728795921662e-10	-6.61694130252665e-18	2.01008402009723e-26
"genome_310"	1795744.00214637	-0.087822479414908	1.60929821621392e-09	-1.30954942821437e-17	3.9927892294832e-26
"genome_311"	1955175.65442327	-0.095596100317162	1.75138426477896e-09	-1.42493439847431e-17	4.34405365547591e-26
"genome_312"	1374442.82138388	-0.0673073767356209	1.23494706540954e-09	-1.00616505503952e-17	3.07143119765165e-26
"genome_313"	1305761.88194285	-0.0639503485634518	1.17337825275579e-09	-9.55948696229601e-18	2.91774983135212e-26
"genome_314"	1773170.71264226	-0.0868044618967382	1.59217698291142e-09	-1.29683162420264e-17	3.95761595341724e-26
"genome_315"	1233454.47590096	-0.0605484948622279	1.11345606068777e-09	-9.09112175097733e-18	2.78068687795077e-26
"genome_316"	1023483.85927859	-0.0502321526615231	9.23506939868943e-10	-7.53775360391021e-18	2.30464329321112e-26
"genome_317"	1183976.67885285	-0.0580580833365798	1.06654460775593e-09	-8.69916050970699e-18	2.65811243016953e-26
"genome_318"	1341674.53161151	-0.0658059587300128	1.20918164133643e-09	-9.86531010428629e-18	3.01534869222199e-26
"genome_319"	1279373.10152182	-0.062696339094081	1.1510168959276e-09	-9.38211955517912e-18	2.86493919105726e-26
"genome_32"	1090959.90800253	-0.0534794592029165	9.82102304468832e-10	-8.00761193952429e-18	2.44591533030862e-26
"genome_320"	1049786.32271774	-0.0513380799091961	9.40506343958091e-10	-7.64982279956869e-18	2.33089944089009e-26
"genome_321"	1439116.25652241	-0.0704830959058891	1.29336424758621e-09	-1.05387365496935e-17	3.21738527584318e-26
"genome_322"	580520.341897763	-0.0290144317674065	5.42412414565393e-10	-4.4957207681128e-18	1.39407475793433e-26
"genome_323"	1221488.38318665	-0.0599109615267393	1.1008536290553e-09	-8.98141037454865e-18	2.74515464983215e-26
"genome_324"	1456284.66239949	-0.0711395769339197	1.30197742006855e-09	-1.05805212239396e-17	3.22133933497505e-26
"genome_325"	1459268.62702339	-0.0713099041178345	1.30557398022959e-09	-1.06138956349327e-17	3.23284166495802e-26
"genome_326"	519840.132932271	-0.025201994123404	4.57289407939687e-10	-3.68043816657235e-18	1.10854323917349e-26
"genome_327"	988456.495154673	-0.0482173625320805	8.80973270695893e-10	-7.1452262177519e-18	2.17057409940995e-26
"genome_328"	1526683.86551622	-0.0749585393030987	1.37888819573755e-09	-1.12631137580874e-17	3.44686990505919e-26
"genome_329"	1646557.49836719	-0.0802982248976176	1.46716844728742e-09	-1.19037459317167e-17	3.61852409442407e-26
"genome_33"	1418670.11072515	-0.0693841723697629	1.27128551878533e-09	-1.03422335225626e-17	3.1520212304532e-26
"genome_330"	1457806.60276602	-0.0715152176504889	1.31438667243499e-09	-1.07265367370882e-17	3.27961760428825e-26
"genome_331"	1248043.62767736	-0.061041869076157	1.11856706046585e-09	-9.10159269925804e-18	2.77465561611135e-26
"genome_332"	1752798.54398172	-0.0858156717098959	1.57420893871045e-09	-1.28234397774392e-17	3.9138841232725e-26
"genome_333"	1253476.69505739	-0.0614097096016372	1.12708483801409e-09	-9.18458888709036e-18	2.80389381321649e-26
"genome_334"	1687761.19701803	-0.0826019779125833	1.51474470269922e-09	-1.23351056833269e-17	3.76370242700613e-26
"genome_335"	1557692.74097266	-0.0765057998322843	1.40789158276325e-09	-1.15051596009724e-17	3.52274099642308e-26
"genome_336"	1210197.1384243	-0.0593782863019561	1.09144328761466e-09	-8.90761395182336e-18	2.72347535521742e-26
"genome_337"	1058737.69984474	-0.0518600074539387	9.5149532881997e-10	-7.74985107118721e-18	2.36431979113249e-26
"genome_338"	1765131.16325896	-0.0862100116448059	1.57761064786176e-09	-1.28200097202952e-17	3.90335408000455e-26
"genome_339"	1327075.50508186	-0.0649681386790229	1.19157637242978e-09	-9.70386948922894e-18	2.96063391059269e-26
"genome_34"	1402599.85309108	-0.0686037722125406	1.25719709013537e-09	-1.02302274453597e-17	3.11895469748606e-26
"genome_340"	1062996.26630829	-0.0521220983285136	9.57338634301177e-10	-7.80637252772054e-18	2.38445985019717e-26
"genome_341"	1419633.21954029	-0.0695509958764729	1.27663323365186e-09	-1.04051888926458e-17	3.1773880191876e-26
"genome_342"	1568533.8251827	-0.0768956533892302	1.41239827744123e-09	-1.15198158987574e-17	3.52032105575393e-26
"genome_343"	1256752.91121434	-0.0615388563888595	1.12894274294211e-09	-9.19607498226588e-18	2.80644505317038e-26
"genome_344"	1287938.44109736	-0.0632605514656186	1.16411678306929e-09	-9.51199305591467e-18	2.91188200838484e-26
"genome_345"	1238524.79738061	-0.0605146533584139	1.10774892973183e-09	-9.00391559969694e-18	2.74186048978617e-26
"genome_346"	1387977.16733723	-0.0680147040394168	1.24868306145481e-09	-1.01792626207111e-17	3.10893019331762e-26
"genome_347"	1302538.03806929	-0.0636991612820235	1.1670960214954e-09	-9.49498277068882e-18	2.89408829913608e-26
"genome_348"	1200169.02127205	-0.0587653356560325	1.07792670563061e-09	-8.7787127398885e-18	2.67830993693952e-26
"genome_349"	1334138.36980713	-0.0651156423460621	1.19070362149149e-09	-9.66806989413311e-18	2.94108553174651e-26
"genome_35"	1638575.17486962	-0.0804389887619018	1.47943013743738e-09	-1.20819077316829e-17	3.6966244621887e-26
"genome_350"	1353048.34589162	-0.0663372231406742	1.21846658131902e-09	-9.93729457933419e-18	3.03624592938416e-26
"genome_351"	1552871.86855751	-0.0758271676537111	1.38727722763468e-09	-1.12703097293729e-17	3.43050055314563e-26
"genome_352"	1428811.76088001	-0.0701030355925218	1.28862754594654e-09	-1.05179811244463e-17	3.21638089865312e-26
"genome_353"	1750973.49973188	-0.0853457566146705	1.55869232864704e-09	-1.2641517705495e-17	3.84160080170131e-26
"genome_354"	1090031.30207989	-0.053392422094514	9.79761888443763e-10	-7.98264467825692e-18	2.43654241117249e-26
"genome_355"	1071637.88551859	-0.0525526426919355	9.65402572665457e-10	-7.87360895968052e-18	2.40550024617591e-26
"genome_356"	1577781.01578959	-0.0771160856978943	1.41217826667529e-09	-1.14832634124584e-17	3.49854308602748e-26
"genome_357"	1542304.6597416	-0.0753804379059749	1.38034869401063e-09	-1.12239403260083e-17	3.41934478684755e-26
"genome_358"	1630522.18439809	-0.0796519669913015	1.45789432079125e-09	-1.18495057111843e-17	3.60855866044176e-26
"genome_359"	1428400.0756693	-0.0699088419341653	1.28192989857419e-09	-1.04383251894095e-17	3.18453625105411e-26
"genome_36"	1611416.62444388	-0.0789731175201931	1.45012282195684e-09	-1.18241546586472e-17	3.61235730345834e-26
"genome_360"	1317659.7292937	-0.0644810225473887	1.18209342972749e-09	-9.62160929119841e-18	2.93382916017651e-26
"genome_361"	879018.729001619	-0.0430322565538112	7.89059069056335e-10	-6.4228428585297e-18	1.9582203118201e-26
"genome_362"	1371147.8093536	-0.0671440091672077	1.23174575488092e-09	-1.00325424724613e-17	3.06120680398668e-26
"genome_363"	1713765.513949	-0.083966441467369	1.54136656128285e-09	-1.25642656792114e-17	3.83719844762497e-26
"genome_364"	1239978.86669449	-0.0609083967153357	1.12090471288023e-09	-9.15956267961055e-18	2.80421589530342e-26
"genome_365"	1771759.75847074	-0.0866791448230847	1.58887808843032e-09	-1.29335442403912e-17	3.94466429527329e-26
"genome_366"	1556856.47024253	-0.0761918267141573	1.39709415134817e-09	-1.13758847300028e-17	3.47057592044225e-26
"genome_367"	1805150.80919754	-0.0883914725474613	1.6217235349057e-09	-1.32128888211359e-17	4.03355334047184e-26
"genome_368"	1703096.25706898	-0.083557441884946	1.53590677727623e-09	-1.25361489994608e-17	3.83352789670698e-26
"genome_369"	855846.543520422	-0.0418607119601554	7.66831272450573e-10	-6.23529999944095e-18	1.8988574913965e-26
"genome_37"	1382698.72193234	-0.0679279314791147	1.25027694621142e-09	-1.02184865375926e-17	3.12899622587873e-26
"genome_370"	1513423.84639591	-0.0742372193854448	1.3643245834282e-09	-1.11335650850698e-17	3.4039796820374e-26
"genome_371"	1347792.46252986	-0.0659339753664355	1.20838754205018e-09	-9.83329060452775e-18	2.997797611487e-26
"genome_372"	1671230.44513006	-0.0816912488411157	1.49616688440756e-09	-1.21684363018319e-17	3.70812480328259e-26
"genome_373"	1117156.13514578	-0.054716517822213	1.00387843522039e-09	-8.176891418495e-18	2.4949197243308e-26
"genome_374"	1634252.7322252	-0.0799316291657011	1.46480183771772e-09	-1.19202410066141e-17	3.63456213336507e-26
"genome_375"	1622651.12568842	-0.0794313207466648	1.45684727159045e-09	-1.18652571144336e-17	3.62073072574625e-26
"genome_376"	1130469.64659284	-0.0554134846271045	1.01757232036732e-09	-8.29646616555349e-18	2.53404492495419e-26
"genome_377"	1245829.15636724	-0.0610217701020064	1.11972225032553e-09	-9.12263722056372e-18	2.78439506905564e-26
"genome_378"	889871.097360201	-0.0435488547204757	7.98179212891421e-10	-6.4935028827105e-18	1.97844886521342e-26
"genome_379"	2023302.03185584	-0.0989926613629292	1.81474136047784e-09	-1.4773419633329e-17	4.50626291782043e-26
"genome_38"	1323791.29550547	-0.0649281138338908	1.19303147609058e-09	-9.73335946701384e-18	2.97496312134366e-26
"genome_380"	1688888.32936795	-0.0825117962410937	1.51043798744491e-09	-1.22785271808642e-17	3.73990531800913e-26
"genome_381"	1614127.44607599	-0.0789529270784025	1.4469744251563e-09	-1.17760680062277e-17	3.59088040894799e-26
"genome_382"	1296181.22661889	-0.0637041901887348	1.17298860975232e-09	-9.59022590765549e-18	2.9375756665698e-26
"genome_383"	1569617.61290054	-0.0770634507114804	1.41756859999174e-09	-1.15788889114578e-17	3.54350358115632e-26
"genome_384"	1433209.34903117	-0.0702086099772216	1.28856938923657e-09	-1.05013981235126e-17	3.2064430876995e-26
"genome_385"	1274387.71816414	-0.0625395044963294	1.1497340257693e-09	-9.38460823546004e-18	2.8696360095764e-26
"genome_386"	1095513.91422979	-0.0536018226041682	9.82441462287853e-10	-7.99433896930303e-18	2.43680684475247e-26
"genome_387"	1982207.93543674	-0.097409935175344	1.7936162709395e-09	-1.46660753272222e-17	4.49336657322126e-26
"genome_388"	734144.001454275	-0.0360096274312793	6.61457673668921e-10	-5.39277517396935e-18	1.64650045067782e-26
"genome_389"	1812129.85038802	-0.0890894860704495	1.64114388029405e-09	-1.34256798471423e-17	4.11539269132551e-26
"genome_39"	1757039.18187093	-0.0861815865770292	1.58383224828595e-09	-1.2925599531961e-17	3.95233573422738e-26
"genome_390"	1750711.42973557	-0.0859998581546576	1.58284428241183e-09	-1.29366578119096e-17	3.96155150742586e-26
"genome_391"	1424978.00933705	-0.0696446006799142	1.275321033741e-09	-1.03702460426114e-17	3.1594441920572e-26
"genome_392"	1680344.15534989	-0.0822430770742701	1.50820571266826e-09	-1.22819382976172e-17	3.74742576089844e-26
"genome_393"	1089157.03920024	-0.0533332028580653	9.78369153629256e-10	-7.96876155478761e-18	2.43151813011915e-26
"genome_394"	744574.233753211	-0.0363746916481761	6.65385470636488e-10	-5.40140973785685e-18	1.64175945654859e-26
"genome_395"	1787885.92096867	-0.0875584503604082	1.60663160309366e-09	-1.30912207067993e-17	3.99673001817955e-26
"genome_396"	1355593.02204789	-0.0664882704796527	1.22176016085409e-09	-9.96866912831245e-18	3.04729127046582e-26
"genome_397"	932591.699340786	-0.0456845676549564	8.38222406681984e-10	-6.82720218982433e-18	2.08273035683058e-26
"genome_398"	1235921.70316058	-0.0605586103020344	1.11163955946347e-09	-9.06025452332697e-18	2.76643639598974e-26
"genome_399"	1144218.13359314	-0.0561885382859028	1.03364321981492e-09	-8.44233097092019e-18	2.58308240012768e-26
"genome_4"	1566220.89362669	-0.0768824507767168	1.41397265022863e-09	-1.15472856824264e-17	3.53312834360366e-26
"genome_40"	1286947.22658901	-0.0628914425144485	1.15129258777601e-09	-9.35679759950932e-18	2.84859494767196e-26
"genome_400"	1172038.09749188	-0.0574011972758998	1.05319803399513e-09	-8.58013221893277e-18	2.61871447444116e-26
"genome_401"	1556198.97493006	-0.0763680531634877	1.40412213892657e-09	-1.14638405530089e-17	3.50673438476408e-26
"genome_402"	1300232.92186433	-0.0636199328846676	1.16620005890636e-09	-9.49172761618857e-18	2.89417461789165e-26
"genome_403"	1279209.83340756	-0.0626620520712427	1.14996905207097e-09	-9.37068935801165e-18	2.86072506826957e-26
"genome_404"	708363.962343062	-0.0345152569590564	6.29785093187129e-10	-5.10008183153523e-18	1.54658519978896e-26
"genome_405"	1242783.60289693	-0.0608160958823074	1.11488176551099e-09	-9.07423202752271e-18	2.766786171167e-26
"genome_406"	825891.516505905	-0.0403207808997488	7.37131605522828e-10	-5.9806639892536e-18	1.81698637325742e-26
"genome_407"	1295456.16274098	-0.0634374982136647	1.16381163992183e-09	-9.48020563471954e-18	2.89312077302777e-26
"genome_408"	1172673.79277072	-0.0573605054297177	1.05115588450701e-09	-8.55312689922928e-18	2.60736567042259e-26
"genome_409"	1255478.24419935	-0.0617554693733293	1.13810973116841e-09	-9.31368269369686e-18	2.85564062540883e-26
"genome_41"	1218688.36925356	-0.0595078979251005	1.08859793758897e-09	-8.84211238529497e-18	2.69063731322499e-26
"genome_410"	1118938.37336986	-0.0549445152648314	1.01057855734192e-09	-8.25146419053705e-18	2.52362785568777e-26
"genome_411"	1131201.43205439	-0.0553663098088777	1.01515563356855e-09	-8.26391050490399e-18	2.52011063090039e-26
"genome_412"	1476274.25248384	-0.0723236998514678	1.3275197794439e-09	-1.08201626473668e-17	3.30426270044604e-26
"genome_413"	1436934.20077756	-0.0702959353546732	1.28842368654086e-09	-1.04859351312264e-17	3.19735130235145e-26
"genome_414"	1148613.24106459	-0.0562514695419167	1.0320155041804e-09	-8.40650964078557e-18	2.56529705629077e-26
"genome_415"	1105601.05055295	-0.0541286364625997	9.92693867019893e-10	-8.08251446683776e-18	2.46509966449226e-26
"genome_416"	668987.10291653	-0.0329979541695347	6.09449367951918e-10	-4.99531292822883e-18	1.53315713725735e-26
"genome_417"	1326050.1393989	-0.065014416072211	1.19419960400605e-09	-9.73972601960595e-18	2.9760090073039e-26
"genome_418"	1529052.95919694	-0.0749343045738674	1.37590550594172e-09	-1.12184263662685e-17	3.42709558943506e-26
"genome_419"	1531367.4951199	-0.0750913792858473	1.37950548015464e-09	-1.12529118525163e-17	3.43898291614684e-26
"genome_42"	1167956.9906366	-0.057280578966	1.0524244749987e-09	-8.58544161816035e-18	2.62384495245615e-26
"genome_420"	1428276.93573889	-0.0697666755830529	1.27678550173946e-09	-1.03754433182856e-17	3.15884821720386e-26
"genome_421"	1463622.52289967	-0.0718251727806312	1.32056660270052e-09	-1.07811691336595e-17	3.29768524325335e-26
"genome_422"	1476813.40527655	-0.0725196902774015	1.33420539287442e-09	-1.0899617759362e-17	3.33608500763188e-26
"genome_423"	1631541.25743343	-0.0797819492958372	1.46177951456328e-09	-1.18936447346723e-17	3.62592505741612e-26
"genome_424"	1396289.16086165	-0.0686247361344169	1.26365980555291e-09	-1.03326132607649e-17	3.16546122101207e-26
"genome_425"	1650440.25918865	-0.0810605170793159	1.49166285952095e-09	-1.21890513212427e-17	3.73184006013064e-26
"genome_426"	1210474.74465985	-0.0593721527332434	1.09092284759298e-09	-8.89968701529894e-18	2.71982284272757e-26
"genome_427"	1272136.89246509	-0.062140892747932	1.13718995202834e-09	-9.240278869678e-18	2.81286321402232e-26
"genome_428"	1223324.74272372	-0.0599407647587791	1.10022239832735e-09	-8.96605170029701e-18	2.73715797495688e-26
"genome_429"	1469957.99541228	-0.0717657748218315	1.31270226743749e-09	-1.06619406998933e-17	3.24445858159199e-26
"genome_43"	1595357.96778949	-0.0783368781600476	1.44121349792556e-09	-1.17741710243623e-17	3.60402731310368e-26
"genome_430"	1219461.23687941	-0.0598178757255674	1.0993134546456e-09	-8.97067421822993e-18	2.74256688610377e-26
"genome_431"	1403947.66308488	-0.0689365231946616	1.26820824323419e-09	-1.03600127495525e-17	3.17083913545442e-26
"genome_432"	1396154.711644	-0.0685589373477857	1.26132298098252e-09	-1.03040090241863e-17	3.15369703690166e-26
"genome_433"	899418.144335122	-0.0439061904127745	8.02746732156796e-10	-6.51477917945754e-18	1.98015800903622e-26
"genome_434"	1081354.73506145	-0.0530277053853181	9.74140639717766e-10	-7.94527965772743e-18	2.42762000886751e-26
"genome_435"	1553032.23074189	-0.0763254588689027	1.40541470147232e-09	-1.14913775517619e-17	3.52037168628747e-26
"genome_436"	1255564.66754242	-0.0613537780156668	1.12322461419948e-09	-9.13060674296973e-18	2.78070766533014e-26
"genome_437"	1260678.90284429	-0.0617505322591968	1.13310789470296e-09	-9.23168323299856e-18	2.81763502044188e-26
"genome_438"	119023.541536403	-0.00662298509433289	1.35206048353702e-10	-1.2060696419952e-18	3.97981093023217e-27
"genome_439"	1318575.46513169	-0.0647061739518547	1.18960689548848e-09	-9.71099562029811e-18	2.9699030306733e-26
"genome_44"	1432163.33930255	-0.0700217624320913	1.28265639869001e-09	-1.04329975952886e-17	3.17939134920106e-26
"genome_440"	1389929.50467073	-0.0682265115684801	1.2547038365138e-09	-1.02457206445086e-17	3.13453137070861e-26
"genome_441"	2056411.39417032	-0.100460997863755	1.83895406382682e-09	-1.49491013708187e-17	4.55349072962344e-26
"genome_442"	1304715.42488504	-0.0639938682945474	1.17587699259219e-09	-9.59336497920315e-18	2.93211103127174e-26
"genome_443"	1767497.39870544	-0.0864049516778738	1.58262689032474e-09	-1.28725264166473e-17	3.92291928469025e-26
"genome_444"	1884474.46719225	-0.0921052110357353	1.68676063536668e-09	-1.37177599241014e-17	4.18011410289831e-26
"genome_445"	1515013.47744854	-0.07426526812755	1.36400558918e-09	-1.11248276047655e-17	3.39963714592004e-26
"genome_446"	1088342.60463853	-0.0533348312391995	9.79184701271355e-10	-7.98200390759511e-18	2.43763423701868e-26
"genome_447"	479788.784109151	-0.0230661781440209	4.14709912923138e-10	-3.30428245347557e-18	9.84285215814326e-27
"genome_448"	1359541.18211584	-0.0664938999049787	1.21844280448063e-09	-9.9139488850657e-18	3.02218360232935e-26
"genome_449"	1231009.63557013	-0.0604281767034846	1.11129411374535e-09	-9.07434339770754e-18	2.77596240592657e-26
"genome_45"	209078.023266417	-0.0108576468293443	2.09832563197835e-10	-1.79022820784538e-18	5.69360831507154e-27
"genome_450"	1247203.06020586	-0.0610077519601704	1.11797520940046e-09	-9.09627134359836e-18	2.77264252655486e-26
"genome_451"	1409006.47199671	-0.0688502147236535	1.26052756648117e-09	-1.02480033419322e-17	3.12162714155653e-26
"genome_452"	1166796.98191075	-0.0570924330611985	1.04656226544143e-09	-8.51803763044452e-18	2.59726934106448e-26
"genome_453"	1594904.45189524	-0.0780868050001564	1.43245238054107e-09	-1.16688300285484e-17	3.56150663516111e-26
"genome_454"	1428315.34115225	-0.0697475420705472	1.27608654176445e-09	-1.03672369997092e-17	3.15567847356102e-26
"genome_455"	1578890.51866313	-0.0773175156995343	1.41860740660469e-09	-1.15581969391365e-17	3.52838827502224e-26
"genome_456"	1236453.78564836	-0.0606937308803468	1.11618165862913e-09	-9.11457883931989e-18	2.78846273434339e-26
"genome_457"	1143677.1789291	-0.0561623662017007	1.03322198211136e-09	-8.43982255931157e-18	2.58273622377039e-26
"genome_458"	816399.264193578	-0.0399059946099083	7.30513808463254e-10	-5.93543060107401e-18	1.80600748438243e-26
"genome_459"	985647.544618338	-0.0481741716904739	8.81972716020505e-10	-7.1684900735737e-18	2.18245879177933e-26
"genome_46"	667999.209229575	-0.0329655972646547	6.09111418905395e-10	-4.99434035740318e-18	1.53331507873914e-26
"genome_460"	1462639.10570235	-0.0716960619411463	1.3167222633628e-09	-1.07379032679769e-17	3.28085409406478e-26
"genome_461"	1176856.22242289	-0.0576252861489339	1.0570472655222e-09	-8.60899308580472e-18	2.6266519830468e-26
"genome_462"	1177400.92833838	-0.0576502492548017	1.05751723052587e-09	-8.61327280833303e-18	2.62820230771119e-26
"genome_463"	1532899.2099325	-0.0750279048622208	1.3758915564486e-09	-1.12042427323987e-17	3.41847443972376e-26
"genome_464"	1341080.18596341	-0.0656723963528009	1.20488795122432e-09	-9.81591506114333e-18	2.99605667256096e-26
"genome_465"	1125916.88818226	-0.0550384641978	1.00781597301134e-09	-8.19284471213486e-18	2.49483006932462e-26
"genome_466"	1083585.03592046	-0.0530981075839013	9.7463481581247e-10	-7.94209962040575e-18	2.4242297226021e-26
"genome_467"	1092088.36301914	-0.0533856950372993	9.7763496057926e-10	-7.94872265033147e-18	2.42103661122804e-26
"genome_468"	1509592.47706943	-0.0738633557240736	1.35406483883821e-09	-1.10223938506459e-17	3.36165638461301e-26
"genome_469"	1200927.24437061	-0.0587715675481476	1.07750243614365e-09	-8.77110145671533e-18	2.67479104367575e-26
"genome_47"	1340406.02623588	-0.0656887701760336	1.20603461928446e-09	-9.83167817706327e-18	3.00268905070777e-26
"genome_470"	792014.44147936	-0.0390671932898867	7.21586902103723e-10	-5.91500914913612e-18	1.81566857416132e-26
"genome_471"	1387176.18610198	-0.067958253577254	1.24727109987074e-09	-1.01641841197915e-17	3.10307597492089e-26
"genome_472"	1375141.52923356	-0.0675060571594557	1.2415690001372e-09	-1.01395335103483e-17	3.10241887545184e-26
"genome_473"	1445023.62288576	-0.0705740116326186	1.29140339588937e-09	-1.04932835334262e-17	3.19453990275093e-26
"genome_474"	875207.662254901	-0.042770045902595	7.82879319938271e-10	-6.36150099094275e-18	1.93619161393794e-26
"genome_475"	1047002.36196402	-0.0513405294932865	9.43183191879071e-10	-7.69378258574849e-18	2.35129700410625e-26
"genome_476"	1526930.76721509	-0.0747789071338932	1.37208923881807e-09	-1.11792883053108e-17	3.41263215054675e-26
"genome_477"	1502437.54287282	-0.0735877431146132	1.35040285758047e-09	-1.10041275024924e-17	3.3596789498162e-26
"genome_478"	1636712.27391358	-0.0803401241003393	1.47757983979212e-09	-1.20673870340194e-17	3.69262117287671e-26
"genome_479"	1423777.05768601	-0.0696838703366297	1.27783097457691e-09	-1.04052079106504e-17	3.17453070944281e-26
"genome_48"	986511.481093116	-0.0482923402345512	8.85511053016397e-10	-7.2083001808454e-18	2.19790694392054e-26
"genome_480"	1644480.49397352	-0.0804459416657588	1.47449886669338e-09	-1.20014805495391e-17	3.66007656576685e-26
"genome_481"	1180230.25501938	-0.0579314608383725	1.06528293278687e-09	-8.69766998848288e-18	2.66037893911808e-26
"genome_482"	1158545.67800237	-0.0569662206567283	1.04925970167691e-09	-8.58019090889099e-18	2.62831104555165e-26
"genome_483"	1936374.11559492	-0.0947572877552421	1.73743577240068e-09	-1.41469424801905e-17	4.31607117752833e-26
"genome_484"	1166527.25271389	-0.0571503057250239	1.04886211199178e-09	-8.54631149048985e-18	2.60864162070565e-26
"genome_485"	1310066.17171858	-0.0640027020021426	1.17147438251005e-09	-9.52098290454282e-18	2.89908290951406e-26
"genome_486"	1184457.14386359	-0.0579600279716459	1.06244404633779e-09	-8.64641285903865e-18	2.63592420701047e-26
"genome_487"	1640488.36410257	-0.0802569909743281	1.47112084090581e-09	-1.19744114021703e-17	3.65186569625546e-26
"genome_488"	1050607.89232153	-0.0514062833570309	9.421918039989e-10	-7.66643460133612e-18	2.33664539925184e-26
"genome_489"	796932.560186406	-0.0386756792381293	7.02785197691645e-10	-5.66691431080227e-18	1.71085072417212e-26
"genome_49"	1659782.18354379	-0.081158313030141	1.48695583071999e-09	-1.20984890537146e-17	3.68847338630523e-26
"genome_490"	1268572.25579571	-0.0620354913067212	1.13646408049242e-09	-9.24372247448035e-18	2.81662698160123e-26
"genome_491"	955016.193501268	-0.0467714723965978	8.58068581133055e-10	-6.98904608454572e-18	2.13247517015824e-26
"genome_492"	1560508.63735104	-0.0761593929014634	1.39263321172053e-09	-1.13081370953553e-17	3.44033920016241e-26
"genome_493"	1235163.43846688	-0.0604040969663946	1.10667014996209e-09	-9.00252907517749e-18	2.74359783872067e-26
"genome_494"	1004448.13415363	-0.0493105516795753	9.06666745786108e-10	-7.40012175594986e-18	2.26220546484774e-26
"genome_495"	1245926.33451212	-0.0611592832040557	1.12468505276052e-09	-9.18295860828681e-18	2.80887576095866e-26
"genome_496"	972131.549951749	-0.0477470753208018	8.78492835870532e-10	-7.17603661173667e-18	2.19584859723921e-26
"genome_497"	1499198.65328498	-0.0732568762445398	1.3411895084157e-09	-1.09035735745222e-17	3.32122863849993e-26
"genome_498"	904092.765677015	-0.0440371802802876	8.03309265657102e-10	-6.50400163723027e-18	1.97206754056857e-26
"genome_499"	1132754.04019458	-0.0555295017678315	1.019740254197e-09	-8.31417192534366e-18	2.53938491310005e-26
"genome_5"	1484674.73728015	-0.0727832381375766	1.33678665478919e-09	-1.09020737841309e-17	3.33110281060803e-26
"genome_50"	1590216.09498515	-0.0778204029377179	1.4268480747562e-09	-1.16169954092381e-17	3.54369667824576e-26
"genome_500"	1674346.74487901	-0.082004500078977	1.50481647670052e-09	-1.22621850049777e-17	3.74373668532457e-26
"genome_501"	1771473.0367555	-0.0870650154459974	1.60325618595366e-09	-1.31098675610531e-17	4.01648007481992e-26
"genome_502"	1254339.62477308	-0.0615993964881555	1.13337658142526e-09	-9.25964358910003e-18	2.83434355472651e-26
"genome_503"	945554.147935007	-0.0462178271644495	8.46176178381328e-10	-6.87738121280212e-18	2.09367987241523e-26
"genome_504"	1100928.27389314	-0.0539278731254593	9.89546205411434e-10	-8.0614459682136e-18	2.46014109998955e-26
"genome_505"	1667760.92778105	-0.0815553556544109	1.49424347249303e-09	-1.21569815952696e-17	3.70578973192371e-26
"genome_506"	1508607.30536473	-0.0740254072829884	1.36086058930409e-09	-1.11086080538331e-17	3.39729968309149e-26
"genome_507"	1624753.25869199	-0.0795907875430206	1.46078741507788e-09	-1.19054334514162e-17	3.63540148368331e-26
"genome_508"	1750018.66662663	-0.0855767919712151	1.56795578070943e-09	-1.27573751128256e-17	3.88913894198284e-26
"genome_509"	1437270.7953326	-0.0705245313601688	1.29647523984158e-09	-1.0582704981057e-17	3.23633724268822e-26
"genome_51"	1295595.87732525	-0.0635729715082884	1.16865491831347e-09	-9.53886555570697e-18	2.91688946845064e-26
"genome_510"	1518911.58622241	-0.0744300518219064	1.36653580273417e-09	-1.11412790546038e-17	3.4033356079574e-26
"genome_511"	1130353.44472777	-0.05533087642512	1.01464668132973e-09	-8.2611528634799e-18	2.51976523121382e-26
"genome_512"	1547729.55006748	-0.0759294686519022	1.39564640481892e-09	-1.1391374013056e-17	3.48360025507573e-26
"genome_513"	1457763.62474229	-0.0712400418099441	1.3043316327734e-09	-1.06038580492532e-17	3.22973628237773e-26
"genome_514"	1131606.65627063	-0.0554083035507259	1.01637115652488e-09	-8.2777479765085e-18	2.52562660227204e-26
"genome_515"	1570772.7755301	-0.0767279804241693	1.40432301893488e-09	-1.14140006687807e-17	3.47600891944701e-26
"genome_516"	1268678.00072487	-0.0622612395441918	1.14477810594304e-09	-9.34646973640181e-18	2.85898809035466e-26
"genome_517"	979151.482063775	-0.0478740833010271	8.76742915757482e-10	-7.12767542153491e-18	2.17040550993985e-26
"genome_518"	805745.205202447	-0.0396884406447806	7.32087176747436e-10	-5.99356192624527e-18	1.83760730907659e-26
"genome_519"	1401801.88464035	-0.0689125312666718	1.2692767423273e-09	-1.03811903973283e-17	3.18117005479839e-26
"genome_52"	1533184.05607864	-0.0754080103532875	1.38965332979343e-09	-1.13722875257292e-17	3.48704740828522e-26
"genome_520"	1197140.65149922	-0.0585681914068312	1.07343425089086e-09	-8.73515925366967e-18	2.66294972171411e-26
"genome_521"	1552655.69336309	-0.0761762678217664	1.40029950021332e-09	-1.1430462584647e-17	3.49593238573801e-26
"genome_522"	1545366.84964406	-0.0754464277299406	1.38003276143424e-09	-1.12090312253721e-17	3.4110568955964e-26
"genome_523"	1304525.95915079	-0.0640271222254145	1.17735648443767e-09	-9.61325350258057e-18	2.94081049085347e-26
"genome_524"	1647219.50989438	-0.0804123943877934	1.47078517768864e-09	-1.1945795033826e-17	3.63525704025258e-26
"genome_525"	1408318.62308179	-0.0689813862174413	1.26580815644306e-09	-1.03132144621594e-17	3.14793463370439e-26
"genome_526"	1581598.54142928	-0.0773612751133271	1.41781733777476e-09	-1.15390749830464e-17	3.51876462674035e-26
"genome_527"	1521218.78779838	-0.0744250366899135	1.36427301191033e-09	-1.11051223061442e-17	3.38688169754291e-26
"genome_528"	581347.477275711	-0.0286980565861939	5.30378737676976e-10	-4.34944699860619e-18	1.3354425106326e-26
"genome_529"	1743491.99361721	-0.085178860692399	1.5592392804106e-09	-1.26749989099044e-17	3.86057614319137e-26
"genome_53"	1272677.62920331	-0.0623393280795055	1.14395053303736e-09	-9.32048854854398e-18	2.84493003230611e-26
"genome_530"	1222145.40640387	-0.0599452692949042	1.10152379762593e-09	-8.98721454337276e-18	2.74703539667241e-26
"genome_531"	2007321.16562225	-0.0982004288471143	1.80008079758944e-09	-1.46533801006042e-17	4.46956650083384e-26
"genome_532"	966516.228755795	-0.0473120575411278	8.6751463999649e-10	-7.06166695446384e-18	2.15316409583444e-26
"genome_533"	1030406.3837019	-0.0506567856234202	9.32865301465838e-10	-7.62671644503646e-18	2.33565994748603e-26
"genome_534"	1464210.61990312	-0.0720424724452407	1.32804824871117e-09	-1.08708970302194e-17	3.33395151493085e-26
"genome_535"	1626291.57191723	-0.0799393888326304	1.4722418420331e-09	-1.20403586625222e-17	3.6894137644322e-26
"genome_536"	1668746.47944192	-0.0818763627605328	1.50518284514181e-09	-1.2287631581085e-17	3.75846739843605e-26
"genome_537"	1411059.77416126	-0.0689966884767929	1.26404788189055e-09	-1.02833860669564e-17	3.13444741348311e-26
"genome_538"	1452938.93746898	-0.0712608662599443	1.30945374843323e-09	-1.06844169777311e-17	3.26624880842553e-26
"genome_539"	1358825.65259427	-0.0664214409611719	1.21644288079299e-09	-9.8923393526557e-18	3.0140132481592e-26
"genome_54"	1757786.99762537	-0.0859112320754854	1.57330470873902e-09	-1.27949897070795e-17	3.89893358854055e-26
"genome_540"	1560458.04222953	-0.0762535925338921	1.39607105445354e-09	-1.13495467372708e-17	3.4569089858152e-26
"genome_541"	1848051.56511097	-0.0904633840657628	1.65919405937386e-09	-1.35136388625659e-17	4.12394609589906e-26
"genome_542"	1109047.00961492	-0.0543465654228151	9.97674741026028e-10	-8.13178116205517e-18	2.48300644216211e-26
"genome_543"	1033390.45730215	-0.0504383320642589	9.22107157650451e-10	-7.48355847337023e-18	2.27485357802701e-26
"genome_544"	1178033.26731919	-0.0576608071502069	1.05737214672955e-09	-8.60961322256193e-18	2.62641327349628e-26
"genome_545"	1383265.10706658	-0.0678458709068517	1.24673140709457e-09	-1.0172785443162e-17	3.10985714870603e-26
"genome_546"	1379010.81074718	-0.0675667192528019	1.24020549194079e-09	-1.0107296918367e-17	3.08583021215464e-26
"genome_547"	1193740.99241306	-0.0584551750272281	1.07228460802153e-09	-8.73286315864698e-18	2.66427098566544e-26
"genome_548"	1030121.97323201	-0.0504245601122532	9.24616214902543e-10	-7.5271499454928e-18	2.29542850343206e-26
"genome_549"	1377172.79453246	-0.0676617396861866	1.24547883368922e-09	-1.01801532865295e-17	3.1175500763638e-26
"genome_55"	1173975.65918705	-0.0575718941423415	1.05775493422886e-09	-8.62914903225524e-18	2.637392416191e-26
"genome_550"	1682050.04672498	-0.0825018126146475	1.51610594258471e-09	-1.23715257961122e-17	3.78234059360077e-26
"genome_551"	1424565.72078343	-0.0695515357309877	1.27219322314545e-09	-1.03325083393552e-17	3.14397575283919e-26
"genome_552"	1463081.51631714	-0.0717280070186086	1.31748817153474e-09	-1.07455346152089e-17	3.283584792001e-26
"genome_553"	768808.972253723	-0.0374891111485102	6.84541311883161e-10	-5.54728067646438e-18	1.68327919141017e-26
"genome_554"	1570103.92596598	-0.0769309274259962	1.41231320736031e-09	-1.15133960452733e-17	3.51668091303214e-26
"genome_555"	1566126.80925401	-0.0765096884976949	1.4004160307002e-09	-1.13823825302085e-17	3.46624241944215e-26
"genome_556"	1254543.63719782	-0.0613452077757788	1.12386454880527e-09	-9.14261483214235e-18	2.78653691835959e-26
"genome_557"	1400582.28058825	-0.068671343623042	1.26141856420595e-09	-1.02883347322244e-17	3.14375540526681e-26
"genome_558"	770711.119391339	-0.0379816747389246	7.00939555836447e-10	-5.74119290189262e-18	1.76100740832857e-26
"genome_559"	1117595.54505373	-0.0547683814948144	1.00544678008479e-09	-8.19515695882113e-18	2.50230407381998e-26
"genome_56"	1374224.95989717	-0.0674175371901964	1.23908843659527e-09	-1.01118705806601e-17	3.09154858492504e-26
"genome_560"	1235236.44741586	-0.0604456914794388	1.10810215920432e-09	-9.01940210457469e-18	2.75025976071879e-26
"genome_561"	1285853.81181397	-0.0630883032560696	1.15966162537737e-09	-9.46509807905126e-18	2.89432101043022e-26
"genome_562"	1415984.57444385	-0.0691985656689442	1.2669528244687e-09	-1.02998979780437e-17	3.13710410889426e-26
"genome_563"	1379222.8904252	-0.0676791164240359	1.24420648816121e-09	-1.01562437698616e-17	3.10593296254273e-26
"genome_564"	1587657.87895588	-0.0776450883098892	1.42272998622288e-09	-1.15762324643304e-17	3.5290918317086e-26
"genome_565"	911427.523161907	-0.0449680158475962	8.30798279741673e-10	-6.81226567619178e-18	2.09178120303036e-26
"genome_566"	1873555.6418583	-0.0915001271941884	1.67439783742658e-09	-1.3607003342956e-17	4.14331304414024e-26
"genome_567"	1674184.92985236	-0.0819391672306989	1.5026150775239e-09	-1.2236491710136e-17	3.73365003054751e-26
"genome_568"	1841437.91624787	-0.0898345858193481	1.64214481797102e-09	-1.33304771342781e-17	4.05471960440079e-26
"genome_569"	1772731.01466653	-0.0865646694803455	1.58385869459912e-09	-1.28693036342645e-17	3.91805980583592e-26
"genome_57"	1198111.49594801	-0.0585349982710632	1.07140306042865e-09	-8.70749891506495e-18	2.65125720668059e-26
"genome_570"	1065324.8220607	-0.0522205328091472	9.58976512234023e-10	-7.81929078187508e-18	2.38855515189896e-26
"genome_571"	796265.442047648	-0.0392560734969384	7.24715916339032e-10	-5.93789745253154e-18	1.82190053459763e-26
"genome_572"	1341533.41768331	-0.0654690025692671	1.19708391392723e-09	-9.71969004637876e-18	2.95687828294828e-26
"genome_573"	1178768.74375543	-0.0577357118665111	1.05936899197438e-09	-8.63021167993668e-18	2.63379607283206e-26
"genome_574"	1205335.85800072	-0.0588725527584146	1.07733460623864e-09	-8.75397592161973e-18	2.66496369246958e-26
"genome_575"	2128097.02426024	-0.104039163637945	1.90580700768155e-09	-1.55032472211746e-17	4.72544403590533e-26
"genome_576"	1227360.00809385	-0.059945138682044	1.09686436944908e-09	-8.91154525329978e-18	2.71249333632958e-26
"genome_577"	1548137.15457495	-0.0755730611735344	1.38219125510097e-09	-1.12252677839819e-17	3.41559645242143e-26
"genome_578"	1335896.32412833	-0.0654289548260642	1.20064701616175e-09	-9.78349862033607e-18	2.98690813910632e-26
"genome_579"	1266444.52810851	-0.0621447164950433	1.14249348318168e-09	-9.32653410894306e-18	2.85246003891614e-26
"genome_58"	1472306.77853327	-0.0721851172551918	1.32601618647008e-09	-1.0816503061847e-17	3.30580180595816e-26
"genome_580"	1101530.02396407	-0.0540071346109062	9.91927554817147e-10	-8.08848643454017e-18	2.47074707984463e-26
"genome_581"	617654.571236626	-0.0298785680837625	5.40947245605533e-10	-4.34396541183539e-18	1.30538764238776e-26
"genome_582"	1736571.73736967	-0.0849104407397979	1.55561644993935e-09	-1.2656159405305e-17	3.85810322867229e-26
"genome_583"	1497484.17379255	-0.0732344285469451	1.34189245987908e-09	-1.09182865639198e-17	3.32843875640999e-26
"genome_584"	986699.470230879	-0.0485044582591938	8.93133423381627e-10	-7.30089230369344e-18	2.23551827992915e-26
"genome_585"	1517290.10925327	-0.0741948334594002	1.35937320840461e-09	-1.10598298568876e-17	3.37145536818189e-26
"genome_586"	1652786.83871992	-0.0807598260789675	1.47855282903866e-09	-1.20206047838573e-17	3.66166457683864e-26
"genome_587"	1261679.59239245	-0.0618824963846043	1.13706400455419e-09	-9.27653461446138e-18	2.83521559742216e-26
"genome_588"	1613200.76461265	-0.0787210752534674	1.43927978797329e-09	-1.16851822218738e-17	3.55448025116138e-26
"genome_589"	1508378.02095208	-0.0739274053800007	1.35747947323509e-09	-1.10682598705641e-17	3.38111081570646e-26
"genome_59"	854271.545305582	-0.0420766385051319	7.76144998153166e-10	-6.35465278870814e-18	1.94853987481171e-26
"genome_590"	1677695.71108744	-0.0822764331645278	1.51175691302033e-09	-1.23344137224538e-17	3.77051466911431e-26
"genome_591"	1258520.03907593	-0.0615311824601284	1.12708217558435e-09	-9.16696575528547e-18	2.79331577115393e-26
"genome_592"	1298548.1120188	-0.0635342424334579	1.16460603415055e-09	-9.47887367535656e-18	2.89038950264442e-26
"genome_593"	1499605.84009359	-0.0732280674010783	1.33982257792007e-09	-1.08860708459792e-17	3.31408660498005e-26
"genome_594"	1344658.03952351	-0.0659352596212787	1.21126759645918e-09	-9.88016922932067e-18	3.01929906408331e-26
"genome_595"	1731359.77686978	-0.084755367790055	1.55458283480553e-09	-1.26622952702e-17	3.86436076184449e-26
"genome_596"	1669691.04953216	-0.0816909968638018	1.49749070658604e-09	-1.21896526511075e-17	3.71767101900205e-26
"genome_597"	1371750.5083954	-0.0670081198518477	1.22631216862391e-09	-9.965065137256e-18	3.03374509474447e-26
"genome_598"	1014994.63430399	-0.0495530617015793	9.06177574009973e-10	-7.3565662515649e-18	2.23701905848157e-26
"genome_599"	1388408.87143703	-0.0680218471340405	1.24850140866322e-09	-1.01747646498085e-17	3.10648836181532e-26
"genome_6"	1273099.01385597	-0.0623032783190976	1.14226271171046e-09	-9.2984863356992e-18	2.83572914566263e-26
"genome_60"	1347128.67549765	-0.0658906707980626	1.20740459253286e-09	-9.82381174413869e-18	2.99446999761651e-26
"genome_600"	1764650.67180511	-0.0866581983537248	1.59445396288743e-09	-1.30272272256313e-17	3.98791221369789e-26
"genome_601"	1071180.45195255	-0.0523625237179988	9.58819998832003e-10	-7.79462525554091e-18	2.3736070787253e-26
"genome_602"	1166065.02342611	-0.0572209281839645	1.05193926730782e-09	-8.58648400605963e-18	2.6256975707349e-26
"genome_603"	1279146.48203302	-0.0624734963539079	1.14317604492635e-09	-9.28874638372337e-18	2.82776150820913e-26
"genome_604"	1234140.29743562	-0.060504372683734	1.11128660070786e-09	-9.06292288618411e-18	2.7690410475668e-26
"genome_605"	1360493.51803411	-0.0666496878214953	1.22319405533359e-09	-9.96719128005892e-18	3.04260306886835e-26
"genome_606"	1450211.10276602	-0.0709656214719124	1.3010872596625e-09	-1.05923317532115e-17	3.2308625817349e-26
"genome_607"	1246768.22542398	-0.0610775212036736	1.12096680200031e-09	-9.13492609038604e-18	2.78890574324604e-26
"genome_608"	1648400.11145244	-0.080789320031035	1.48353381762064e-09	-1.20970127646339e-17	3.69582022995547e-26
"genome_609"	1507343.68192865	-0.073744397163318	1.3517694528208e-09	-1.10031710076106e-17	3.35574801686201e-26
"genome_61"	1310405.4483213	-0.0643065909328444	1.18231565075497e-09	-9.65217243722646e-18	2.95220273146643e-26
"genome_610"	1120056.95773381	-0.0548565962431262	1.00648251109046e-09	-8.19893060121573e-18	2.50205709673239e-26
"genome_611"	889982.054213655	-0.0437406657552573	8.05123575889648e-10	-6.57811085531882e-18	2.01289414233619e-26
"genome_612"	1322826.39857177	-0.0648568953373499	1.19131084751742e-09	-9.71617707365915e-18	2.96881476017601e-26
"genome_613"	1793089.66147033	-0.0876587657208056	1.6056759320833e-09	-1.30609628545713e-17	3.98072644708282e-26
"genome_614"	1055193.09159684	-0.0518052823165213	9.52826984013814e-10	-7.78102559661884e-18	2.38044358999399e-26
"genome_615"	1512018.42992076	-0.0740648037465856	1.3592770535961e-09	-1.10772188152835e-17	3.38216956855991e-26
"genome_616"	731786.476036091	-0.0355224345009463	6.45493280978378e-10	-5.2037303336119e-18	1.57023854767937e-26
"genome_617"	1324421.20239271	-0.0649781559478827	1.19435319046633e-09	-9.74782228679307e-18	2.9806247247528e-26
"genome_618"	857159.123042558	-0.0418482044651352	7.65232207732083e-10	-6.21142884589366e-18	1.88835441468953e-26
"genome_619"	1306053.50443736	-0.0639337429260774	1.17249209709495e-09	-9.54739444858178e-18	2.91252531545205e-26
"genome_62"	1887671.42071638	-0.0921976195458368	1.68727887336887e-09	-1.3712383052025e-17	4.17553882837977e-26
"genome_620"	1377554.41134368	-0.067604620516834	1.24305506836968e-09	-1.01493011135121e-17	3.10476761681843e-26
"genome_621"	-472076.017935644	0.0215522402897993	-3.682083200568e-10	2.78989673482034e-18	-7.90987136238319e-27
"genome_622"	1368002.48643462	-0.0669255073498868	1.22670744803366e-09	-9.98435564906851e-18	3.04469629361698e-26
"genome_623"	1358076.39192827	-0.0667891628684859	1.23064486631701e-09	-1.0069098997118e-17	3.08670982822799e-26
"genome_624"	589906.467276401	-0.02924327184479	5.4265364518867e-10	-4.46760873424187e-18	1.37694303404775e-26
"genome_625"	1409559.99452414	-0.0689095065040115	1.26214988482721e-09	-1.02651125801704e-17	3.12789625907543e-26
"genome_626"	1224677.65437535	-0.060154589492125	1.10698730758067e-09	-9.04542524295701e-18	2.76913212205075e-26
"genome_627"	1634303.80189089	-0.0800193817638097	1.4679699846369e-09	-1.19586843230271e-17	3.65012950082218e-26
"genome_628"	1882824.22501605	-0.0919373845645416	1.68215430036473e-09	-1.36683395392864e-17	4.16156111573922e-26
"genome_629"	1579444.66797418	-0.0772588199145621	1.41596985210704e-09	-1.15241112040478e-17	3.51417512297818e-26
"genome_63"	1472827.76950405	-0.072029963997886	1.31983097886805e-09	-1.07387247027487e-17	3.27364606753034e-26
"genome_630"	1370892.43109559	-0.0672999968303491	1.23781782445399e-09	-1.01091371247474e-17	3.09316308574317e-26
"genome_631"	1521661.09363991	-0.0745438832091811	1.36821861517868e-09	-1.11515041322574e-17	3.40534256899032e-26
"genome_632"	1788438.9312366	-0.0874946085552194	1.60380889639126e-09	-1.30548800083549e-17	3.98158988039569e-26
"genome_633"	1184219.22798601	-0.0579469653945537	1.06218274518174e-09	-8.64413280960663e-18	2.63518675731709e-26
"genome_634"	1319779.28205836	-0.0648865841928983	1.19518186434442e-09	-9.77516722968156e-18	2.99530725413827e-26
"genome_635"	1275226.56721251	-0.0625692699004171	1.15015925335948e-09	-9.38780641393288e-18	2.87075340885591e-26
"genome_636"	1246325.63724102	-0.0611071222970256	1.1223932970226e-09	-9.15326188334926e-18	2.79640046268954e-26
"genome_637"	1824998.28204478	-0.0892655634666433	1.63594902290869e-09	-1.33138918065683e-17	4.05979847264474e-26
"genome_638"	854709.538744356	-0.0420620296299985	7.7529549004746e-10	-6.34361609292181e-18	1.94409498844659e-26
"genome_639"	1204048.05617552	-0.0590893623196985	1.08629008803137e-09	-8.86623133029457e-18	2.71084770443395e-26
"genome_64"	1384602.07045683	-0.0678750800680816	1.24658604889601e-09	-1.01659109059097e-17	3.10597677255682e-26
"genome_640"	868028.197179267	-0.0425622537365903	7.8166019009719e-10	-6.37238081494334e-18	1.94578370187383e-26
"genome_641"	1133858.06469008	-0.0556059396709842	1.02163823720328e-09	-8.33435158727905e-18	2.54718728568667e-26
"genome_642"	1281779.62477516	-0.0627564869936734	1.15102838007709e-09	-9.37302492090622e-18	2.85926553544558e-26
"genome_643"	1416033.60794643	-0.0694363337959767	1.27566975177056e-09	-1.04067132089226e-17	3.18074173436451e-26
"genome_644"	1507870.81597576	-0.0738227297036576	1.35414601089542e-09	-1.10299966171655e-17	3.36615965897189e-26
"genome_645"	928908.635136917	-0.045442979541101	8.3272935033293e-10	-6.77434886055171e-18	2.06429697503394e-26
"genome_646"	1296414.43976822	-0.0636175179849469	1.16955736476069e-09	-9.54692751906272e-18	2.91956873895126e-26
"genome_647"	1716396.17155691	-0.0840037544139234	1.54044190651081e-09	-1.25441834425584e-17	3.82740594560335e-26
"genome_648"	1597877.14658555	-0.0782040921233908	1.43403521619639e-09	-1.16766846530787e-17	3.56224447339666e-26
"genome_649"	1011369.66435118	-0.0496566558148507	9.13346913590297e-10	-7.45882193987324e-18	2.2819021187658e-26
"genome_65"	990739.368941908	-0.0485434797408133	8.90972910882154e-10	-7.26015324864974e-18	2.21610913602117e-26
"genome_650"	1190078.81124986	-0.058425704828987	1.07458729928615e-09	-8.77555383998499e-18	2.68483994164935e-26
"genome_651"	1331424.20416526	-0.0650512436539844	1.19074376732333e-09	-9.67807636600726e-18	2.9470146489833e-26
"genome_652"	1376868.14548623	-0.0674883005186711	1.23935763605364e-09	-1.01060754396701e-17	3.08746496097459e-26
"genome_653"	1180727.49517902	-0.0579879652945993	1.06689406435505e-09	-8.71536299240896e-18	2.66714480155198e-26
"genome_654"	1077758.23427927	-0.0528780693012492	9.71818232710406e-10	-7.92928477750285e-18	2.42346869021685e-26
"genome_655"	1592344.4051777	-0.0782543531706732	1.440908381438e-09	-1.17816629862641e-17	3.60939961870682e-26
"genome_656"	1487490.55097153	-0.0731645314019075	1.34830408212072e-09	-1.10332067460853e-17	3.38265803516409e-26
"genome_657"	1604743.85447393	-0.0783926014282907	1.43484720893998e-09	-1.16622586507966e-17	3.5515756771422e-26
"genome_658"	1440189.50143915	-0.0703301646110236	1.28675195107388e-09	-1.0453541375316e-17	3.18171788281064e-26
"genome_659"	1261414.24091209	-0.0619256982887776	1.1389208132699e-09	-9.30060459862691e-18	2.84537674757991e-26
"genome_66"	1738077.91342296	-0.0850536223689763	1.55948730755853e-09	-1.26975985273235e-17	3.87370884055371e-26
"genome_660"	749841.156758486	-0.0369945555313747	6.83515220280015e-10	-5.60519891711606e-18	1.72142574094486e-26
"genome_661"	1048292.39893721	-0.0513445949023108	9.42048741781922e-10	-7.67365830123102e-18	2.34151429382763e-26
"genome_662"	1459672.29791018	-0.0716142215658858	1.31641489014836e-09	-1.07453741509124e-17	3.28625456511771e-26
"genome_663"	739991.067199156	-0.0360938962248275	6.59274237644223e-10	-5.34441349465143e-18	1.62234556486678e-26
"genome_664"	1968789.85427925	-0.096263775337295	1.76363039346576e-09	-1.43488866221261e-17	4.37430466388371e-26
"genome_665"	578950.961808349	-0.0278028568946501	4.99431335868077e-10	-3.97674812426055e-18	1.18413073405524e-26
"genome_666"	1483169.67296105	-0.0726425382307559	1.33298905638752e-09	-1.0861332803495e-17	3.31570746207331e-26
"genome_667"	1251879.4142452	-0.0613339812421254	1.12574996199787e-09	-9.17422231981948e-18	2.80090171851497e-26
"genome_668"	1503739.42619721	-0.0735389720845994	1.34731524844098e-09	-1.0960055286855e-17	3.34012925680439e-26
"genome_669"	1637889.67767286	-0.0801475398640649	1.46950002533759e-09	-1.19648621515486e-17	3.65021961114895e-26
"genome_67"	1228885.8990692	-0.0603052041289589	1.10866772579148e-09	-9.04974814101438e-18	2.76742322450168e-26
"genome_670"	1287324.82338242	-0.0629431108614704	1.15302509734294e-09	-9.37874262012662e-18	2.85812190217897e-26
"genome_671"	1065117.12936141	-0.0522601279747631	9.60483850428873e-10	-7.83687105455927e-18	2.39522106581764e-26
"genome_672"	1655362.29350759	-0.0810041720729624	1.48522048146285e-09	-1.20928486494181e-17	3.68922398817674e-26
"genome_673"	1240737.72775603	-0.0606683962592808	1.11127162833285e-09	-9.03726692229403e-18	2.75313557557732e-26
"genome_674"	1095674.18129959	-0.0537210225956197	9.86712982996149e-10	-8.04648720060489e-18	2.45813881375197e-26
"genome_675"	1263714.73359205	-0.0618058820069301	1.13237971911929e-09	-9.21127568665347e-18	2.80690184069386e-26
"genome_676"	654172.948745598	-0.0323767879244166	5.99871211781914e-10	-4.93134624778425e-18	1.51770502976667e-26
"genome_677"	1598123.38169896	-0.0780707095608439	1.42899271808446e-09	-1.16150272959164e-17	3.53730768801414e-26
"genome_678"	1751802.34602101	-0.0855936273296296	1.56697148877194e-09	-1.27388242844586e-17	3.8802623385334e-26
"genome_679"	822409.416545075	-0.0401828215110837	7.35354140719462e-10	-5.97362654562917e-18	1.8175146714969e-26
"genome_68"	1410283.58772273	-0.0688871403528644	1.26073586216556e-09	-1.02458799730381e-17	3.1198127478079e-26
"genome_680"	1589881.21687793	-0.0777413868156464	1.42425144831151e-09	-1.15865163019012e-17	3.53155423961331e-26
"genome_681"	906302.394042691	-0.0444101273032037	8.15160313187282e-10	-6.64265748968929e-18	2.02766014258005e-26
"genome_682"	1138744.85064098	-0.0557518275757024	1.02251490952627e-09	-8.32612483680288e-18	2.53976949890595e-26
"genome_683"	1112350.75114994	-0.0545396474323348	1.00178944408569e-09	-8.16994352008756e-18	2.49606334016583e-26
"genome_684"	1322317.23217648	-0.0648039308369491	1.18981162356709e-09	-9.69955715073114e-18	2.96236328770605e-26
"genome_685"	2076227.54040079	-0.101399547169622	1.85560127443616e-09	-1.50801683116205e-17	4.59214165743447e-26
"genome_686"	1332929.09383654	-0.0654811322619965	1.20520067647303e-09	-9.84968557837203e-18	3.01592839158427e-26
"genome_687"	498645.057391911	-0.0241295759500458	4.36996667907706e-10	-3.51022394084336e-18	1.05513700919104e-26
"genome_688"	1056244.28357288	-0.0517213743027663	9.48680438233468e-10	-7.72503466103688e-18	2.3562891915072e-26
"genome_689"	1029813.15577202	-0.050347504773215	9.22056391100645e-10	-7.49687520177443e-18	2.28328624028347e-26
"genome_69"	1140307.62194159	-0.0558470732543233	1.02463859861175e-09	-8.34675659144381e-18	2.54716392552449e-26
"genome_690"	1278750.39940773	-0.0623566987447168	1.13924045944595e-09	-9.24201077975854e-18	2.80899100191483e-26
"genome_691"	1386012.13977274	-0.068056117179342	1.2519739342675e-09	-1.02267405262105e-17	3.12974526560477e-26
"genome_692"	1732939.52671753	-0.0848975407794339	1.55836207307342e-09	-1.27024697425246e-17	3.87944172646918e-26
"genome_693"	1826399.45138916	-0.0891728488008266	1.63128566044159e-09	-1.32517394471171e-17	4.0334428813617e-26
"genome_694"	1422650.69165692	-0.0696575418004261	1.27776494677366e-09	-1.04071462088671e-17	3.17559578732629e-26
"genome_695"	1321324.19419048	-0.0647383972420186	1.18831861129617e-09	-9.68518285087948e-18	2.9573486383161e-26
"genome_696"	1429721.00080982	-0.0700877820882992	1.28723725474355e-09	-1.04974871542415e-17	3.20728728369949e-26
"genome_697"	1007256.28421925	-0.0492974576651421	9.03815185044668e-10	-7.35680744242169e-18	2.24320329179216e-26
"genome_698"	1772265.49277434	-0.086521431731251	1.58269997226759e-09	-1.28569684989545e-17	3.91343684869561e-26
"genome_699"	1786452.00948196	-0.0871989354083538	1.5947035786534e-09	-1.29503727659204e-17	3.94032753974303e-26
"genome_7"	1306685.57560348	-0.0638612899763219	1.16930440134862e-09	-9.50660218990604e-18	2.89564684079322e-26
"genome_70"	1767947.87378067	-0.0864362877574158	1.5834086479705e-09	-1.28808606123729e-17	3.92614261033912e-26
"genome_700"	1419363.77411855	-0.0696015031727899	1.27873458528159e-09	-1.04319313797751e-17	3.1885058028457e-26
"genome_701"	1363435.69129847	-0.0668579974993278	1.22829352832084e-09	-1.00199666487729e-17	3.06239353890939e-26
"genome_702"	829422.584927531	-0.0405729342824668	7.43382242588658e-10	-6.04623781546339e-18	1.84191161167367e-26
"genome_703"	1507663.99875476	-0.0737915662048408	1.35322556164834e-09	-1.1019958466906e-17	3.36241162894644e-26
"genome_704"	1276206.72982778	-0.062269975058289	1.13831636465129e-09	-9.23969572513123e-18	2.80980865437364e-26
"genome_705"	1312015.35915796	-0.0643594327698258	1.18276072166018e-09	-9.65113398162758e-18	2.9503409435171e-26
"genome_706"	927861.276429587	-0.0453887654439574	8.3157460875355e-10	-6.76274161701027e-18	2.05980151199869e-26
"genome_707"	1569229.98564692	-0.0769052141566836	1.41219721233519e-09	-1.15157152088877e-17	3.518502225967e-26
"genome_708"	1057217.59122411	-0.0516851312492164	9.46488533037577e-10	-7.69478548019309e-18	2.3432728951727e-26
"genome_709"	1145048.20964541	-0.0561288845187911	1.03071466257613e-09	-8.40358265446558e-18	2.56672612146981e-26
"genome_71"	1265768.79638036	-0.062049880666115	1.13956541181359e-09	-9.29254186457332e-18	2.83884876306069e-26
"genome_710"	1312057.51473328	-0.064218675919	1.17761759401155e-09	-9.58884993023556e-18	2.92525006092653e-26
"genome_711"	682065.105191544	-0.0336784520598181	6.2256628373119e-10	-5.10652061273769e-18	1.56819576753605e-26
"genome_712"	1716791.55222799	-0.0840804726097704	1.54286435442453e-09	-1.25718865770411e-17	3.83820423100083e-26
"genome_713"	1158450.15741134	-0.0566598469796049	1.03806784355268e-09	-8.44328628194915e-18	2.57244719930233e-26
"genome_714"	1546034.47237468	-0.0760113820983738	1.40014592801362e-09	-1.14522118290342e-17	3.50948160752042e-26
"genome_715"	1148950.60253967	-0.0562777353482666	1.03261040681986e-09	-8.41171320271883e-18	2.56681470870749e-26
"genome_716"	1492022.35496245	-0.0732353626577044	1.34677678820902e-09	-1.09972802224204e-17	3.36438367306077e-26
"genome_717"	973103.133480058	-0.0475187267760286	8.69159258693849e-10	-7.05739691349463e-18	2.14641260550306e-26
"genome_718"	1486722.9670713	-0.0731098295674961	1.3470083051197e-09	-1.10204579616504e-17	3.37815772026921e-26
"genome_719"	841908.375424267	-0.0415157256985387	7.66706191807593e-10	-6.28496572264402e-18	1.92954439139479e-26
"genome_72"	1379558.53378526	-0.06771138428122	1.24517639505363e-09	-1.01679468772966e-17	3.11088857392035e-26
"genome_720"	1199629.7435047	-0.0586947327320353	1.07587529238696e-09	-8.75628955107539e-18	2.6698599716644e-26
"genome_721"	946650.100687774	-0.0463562873406095	8.50365946840154e-10	-6.92573169273025e-18	2.11301903174904e-26
"genome_722"	1604540.98399058	-0.0788308352645897	1.45105080656094e-09	-1.18603059049996e-17	3.63204693720913e-26
"genome_723"	986395.255899153	-0.0481026418118428	8.78492198712406e-10	-7.12091430677087e-18	2.16157958309157e-26
"genome_724"	1846012.66526551	-0.0907815663379965	1.67276685804466e-09	-1.36878059678105e-17	4.19670521384657e-26
"genome_725"	1076761.49048147	-0.0527934019045578	9.69646995934128e-10	-7.90690716361066e-18	2.41531835084352e-26
"genome_726"	1392452.67860487	-0.0683913645646615	1.2584912577805e-09	-1.02828308109142e-17	3.14777918201019e-26
"genome_727"	1102290.59133708	-0.0539962353630105	9.90861857116101e-10	-8.07290936520417e-18	2.46393933650596e-26
"genome_728"	1425025.85929937	-0.0698882669980736	1.28417241920734e-09	-1.04776850492039e-17	3.20291748871227e-26
"genome_729"	1578069.95628956	-0.0770914974098043	1.41098969337614e-09	-1.14673513123274e-17	3.49171680435193e-26
"genome_73"	1815558.33323182	-0.089080465158521	1.63762522576108e-09	-1.33687899311431e-17	4.08912729592652e-26
"genome_730"	1193067.60507027	-0.0583807013033995	1.07023332387179e-09	-8.71118936028765e-18	2.65632687934027e-26
"genome_731"	1192672.09062423	-0.058424736881098	1.07216398771213e-09	-8.73574074512835e-18	2.66641727491861e-26
"genome_732"	1671231.51620402	-0.0818158750445403	1.50074062300127e-09	-1.22243540374903e-17	3.73089619527733e-26
"genome_733"	1019945.34310073	-0.0498381184137424	9.12209250412486e-10	-7.41239208440161e-18	2.25614581602596e-26
"genome_734"	1872760.06023173	-0.0915209283639642	1.67584406476868e-09	-1.36272154603143e-17	4.15198667786194e-26
"genome_735"	1434934.91806613	-0.0702609603671424	1.28897388483577e-09	-1.05004328056427e-17	3.2049272421011e-26
"genome_736"	850669.735447694	-0.0414687223999586	7.57164458536433e-10	-6.13691950670337e-18	1.86300089477181e-26
"genome_737"	1085372.84651368	-0.0531873712407016	9.76374180822577e-10	-7.95770226149737e-18	2.42962192697121e-26
"genome_738"	1445576.33960166	-0.070706887656011	1.29578176033246e-09	-1.05447588448909e-17	3.21507550362102e-26
"genome_739"	1526069.41104908	-0.0745770061391542	1.36550446573151e-09	-1.1102567477566e-17	3.38228548136123e-26
"genome_74"	1275617.52280072	-0.0625744328134391	1.1499917038803e-09	-9.38424296170242e-18	2.86897111927393e-26
"genome_740"	1273225.93786181	-0.0624723942889311	1.14841063891435e-09	-9.3738612847409e-18	2.86660697699243e-26
"genome_741"	1188352.25532803	-0.0581858229078529	1.06727239924561e-09	-8.69168155628241e-18	2.6516579795483e-26
"genome_742"	1791332.0895109	-0.0875991653298205	1.60505033025392e-09	-1.3059522529556e-17	3.98135276857399e-26
"genome_743"	1252936.21295657	-0.0612716651579943	1.12248747990862e-09	-9.13017714720527e-18	2.78206882650515e-26
"genome_744"	1555066.68979731	-0.076161306657267	1.39755867016335e-09	-1.1387827053371e-17	3.47665466963074e-26
"genome_745"	2012807.14944308	-0.0985471154492973	1.80786795092773e-09	-1.47284109894186e-17	4.49600018262377e-26
"genome_746"	1500002.05699821	-0.0736091667571637	1.35335404699207e-09	-1.10488313672286e-17	3.3795785259187e-26
"genome_747"	1268000.87006226	-0.061942790928848	1.13360303604421e-09	-9.21117062398323e-18	2.80392994474513e-26
"genome_748"	1132589.99187385	-0.0555749479023002	1.02160311869518e-09	-8.33809640324892e-18	2.54946160351953e-26
"genome_749"	1472708.46089962	-0.0721615939653347	1.32467846817958e-09	-1.07972960400346e-17	3.29712122631182e-26
"genome_75"	1228004.30488964	-0.0601681016823616	1.10447430433539e-09	-9.00229183951787e-18	2.74899703274474e-26
"genome_750"	1320129.65277231	-0.0645291816688552	1.18172566138908e-09	-9.60910669976988e-18	2.92732064634266e-26
"genome_751"	1028749.57521573	-0.0503637120497172	9.2360939898748e-10	-7.51977328910437e-18	2.29340575375389e-26
"genome_752"	1194352.05664178	-0.058502115701636	1.07351803682666e-09	-8.74643875676308e-18	2.66964418674861e-26
"genome_753"	1304215.05455159	-0.0640816345759794	1.17958358449686e-09	-9.64095175784074e-18	2.95204348707033e-26
"genome_754"	1657356.19490173	-0.0810886429379864	1.48652775419603e-09	-1.21015119836637e-17	3.69125796654286e-26
"genome_755"	1256069.63953666	-0.0614401347487951	1.12593484234968e-09	-9.16182438987067e-18	2.79301644658705e-26
"genome_756"	1011538.98377138	-0.049413360144703	9.0411965786127e-10	-7.34360846283278e-18	2.23413002630078e-26
"genome_757"	1630452.76699512	-0.0798522087179588	1.46530871318317e-09	-1.19404269077591e-17	3.64564085513622e-26
"genome_758"	1651567.61378626	-0.0810598636573923	1.49060568504831e-09	-1.21717585646409e-17	3.72386202864368e-26
"genome_759"	749540.715600818	-0.036554211147217	6.67526394527489e-10	-5.40958630666348e-18	1.6414645441927e-26
"genome_76"	1383500.75131015	-0.0678724655448932	1.24749764497545e-09	-1.01813053522403e-17	3.11315466347063e-26
"genome_760"	1428081.73821898	-0.0700134331807783	1.28599621663375e-09	-1.0488495445219e-17	3.20491954294416e-26
"genome_761"	1152628.57843382	-0.0566021963234245	1.04124900384977e-09	-8.50428961175548e-18	2.60194937068292e-26
"genome_762"	1232173.48338124	-0.0603327354423358	1.10672859960633e-09	-9.01408538425936e-18	2.75049265050567e-26
"genome_763"	1370242.84790035	-0.0672870612791773	1.23796371852081e-09	-1.0113756977795e-17	3.09571742327101e-26
"genome_764"	982430.43179062	-0.0481072784494571	8.82330595203202e-10	-7.18367676934209e-18	2.19064214282085e-26
"genome_765"	1260676.82075527	-0.0617274978922604	1.13236654527396e-09	-9.22389173880504e-18	2.81498229993643e-26
"genome_766"	903723.458776274	-0.0442649564730235	8.12064752524219e-10	-6.61317429369296e-18	2.01711935445764e-26
"genome_767"	1277812.3044624	-0.0627249198005565	1.15352821781565e-09	-9.41925455282227e-18	2.88151237664443e-26
"genome_768"	871339.472204801	-0.042717752307361	7.8440020105845e-10	-6.3937753793501e-18	1.95200445782365e-26
"genome_769"	1161889.39108943	-0.0568995494485349	1.04380225311567e-09	-8.50115953580935e-18	2.59360775312908e-26
"genome_77"	952833.77092099	-0.0464800059984302	8.49106967592391e-10	-6.88467993591308e-18	2.09044605443225e-26
"genome_770"	1261923.42390062	-0.0618646964498923	1.13615735145199e-09	-9.26414674739516e-18	2.82982587588484e-26
"genome_771"	1776178.28590509	-0.0869284826633532	1.59405921740937e-09	-1.29807144359811e-17	3.96058267078911e-26
"genome_772"	1468322.71371995	-0.072062326968933	1.32510981206733e-09	-1.08202634389132e-17	3.31040854438338e-26
"genome_773"	1075302.28732504	-0.0528766212181216	9.73975462382173e-10	-7.96472152593982e-18	2.4397714014587e-26
"genome_774"	1009167.13379976	-0.0493910125258784	9.05488553338411e-10	-7.36972145217377e-18	2.24680723067609e-26
"genome_775"	1248355.02160257	-0.0611421957598003	1.1219138653108e-09	-9.14068585488822e-18	2.79006506201491e-26
"genome_776"	1430740.13636024	-0.0702943707267588	1.29395296238635e-09	-1.05764606920163e-17	3.23893273858547e-26
"genome_777"	1351831.03395845	-0.066213086681736	1.21512030962947e-09	-9.90225415757906e-18	3.02345469642465e-26
"genome_778"	745957.4408734	-0.0362344107225235	6.58899688181401e-10	-5.31589247972617e-18	1.60542703866424e-26
"genome_779"	1306190.75897387	-0.0638348225562286	1.16872439130847e-09	-9.50068616151888e-18	2.89335370111894e-26
"genome_78"	1575845.78206724	-0.0770624714084209	1.4120066467862e-09	-1.14889487489976e-17	3.50258348963394e-26
"genome_780"	1170986.73881289	-0.0573261308969225	1.0513428083973e-09	-8.56075516185011e-18	2.61138660909724e-26
"genome_781"	1914032.99089097	-0.0935301205722504	1.71252023831139e-09	-1.39247408371093e-17	4.24248395987711e-26
"genome_782"	614213.517326478	-0.0299306958710355	5.46103016681956e-10	-4.42146755173735e-18	1.34028786220363e-26
"genome_783"	1302926.6145919	-0.063806099659717	1.17067830484135e-09	-9.53741682772078e-18	2.91109676594903e-26
"genome_784"	909546.670840102	-0.0443256953162594	8.09033634880433e-10	-6.55447646251162e-18	1.98875313444754e-26
"genome_785"	1174408.76628511	-0.0575247820002192	1.05559119167365e-09	-8.60055336095527e-18	2.62519813046502e-26
"genome_786"	1684646.02799575	-0.0822946785603058	1.50627176188277e-09	-1.22430209926947e-17	3.72857088474715e-26
"genome_787"	1374047.68622242	-0.0674775967834234	1.24149030051335e-09	-1.01423508050698e-17	3.10428297396754e-26
"genome_788"	1465729.24199136	-0.0717131808686428	1.3145873524531e-09	-1.0700639013957e-17	3.26343056304042e-26
"genome_789"	872919.899316903	-0.0426921538795109	7.8199755459444e-10	-6.35809846193195e-18	1.93609127981609e-26
"genome_79"	1173443.16568263	-0.0575572441575354	1.05764762518697e-09	-8.62918581571106e-18	2.63755604029714e-26
"genome_790"	1424265.98702085	-0.0698448984648165	1.28320967938142e-09	-1.04680348031801e-17	3.19928271115457e-26
"genome_791"	1462226.96150374	-0.0716544429766064	1.31556519587831e-09	-1.07252618712754e-17	3.27600835359342e-26
"genome_792"	1837745.2209191	-0.0898214894792003	1.64494778324143e-09	-1.33778311130369e-17	4.07657437940956e-26
"genome_793"	1669609.49039017	-0.0816218028978177	1.4950796532256e-09	-1.21611392383494e-17	3.70638588720072e-26
"genome_794"	1190590.60354155	-0.0584017036144873	1.07322289836759e-09	-8.7567134981538e-18	2.67667108974536e-26
"genome_795"	1025187.76415627	-0.0502106700268526	9.21169075661234e-10	-7.50269930291499e-18	2.28899882798677e-26
"genome_796"	1189919.20539444	-0.0582701812292619	1.06896174678824e-09	-8.70660760659915e-18	2.65657040055411e-26
"genome_797"	717289.333616429	-0.0349080711585227	6.36098384425087e-10	-5.14354207887335e-18	1.55719776051775e-26
"genome_798"	1541564.19591867	-0.0758935688255655	1.39989648418592e-09	-1.14662176028245e-17	3.51879055606801e-26
"genome_799"	1289352.71116997	-0.0632268861875189	1.16157343875509e-09	-9.47527460999566e-18	2.89569539931042e-26
"genome_8"	1195079.62790566	-0.0586195251495748	1.07721933369489e-09	-8.78957270057843e-18	2.6868839050303e-26
"genome_80"	553265.277095623	-0.0269404326500981	4.91138479090827e-10	-3.97285960043643e-18	1.20311223361377e-26
"genome_800"	1381286.60267925	-0.0678411170310636	1.24829855072178e-09	-1.01987300053866e-17	3.12170563488026e-26
"genome_801"	745264.99968061	-0.0363466135356459	6.6384933602623e-10	-5.38153711341887e-18	1.63374673628329e-26
"genome_802"	1302451.58758431	-0.0638114717206484	1.17125672856185e-09	-9.54568540145944e-18	2.9146042968686e-26
"genome_803"	1318076.11282889	-0.0645194876542057	1.18326620300215e-09	-9.636076032164e-18	2.94008168209984e-26
"genome_804"	1991288.68147785	-0.0973212315032388	1.78221689411516e-09	-1.44936575142587e-17	4.41645946991991e-26
"genome_805"	1044847.68422765	-0.0511118617429107	9.36567893756848e-10	-7.61883956054669e-18	2.32158370979786e-26
"genome_806"	1252204.7564924	-0.0614125298841115	1.12834439028073e-09	-9.20480999099233e-18	2.81314507277261e-26
"genome_807"	1226897.32236162	-0.0601579636313553	1.10503532535913e-09	-9.01244150415323e-18	2.75364225220594e-26
"genome_808"	1553913.54505244	-0.0760414697418151	1.39424863369782e-09	-1.13522107420927e-17	3.46326185977793e-26
"genome_809"	1351638.51127407	-0.0663150968665416	1.2189319117097e-09	-9.94824953960925e-18	3.04179064226374e-26
"genome_81"	1279805.1275323	-0.0626704179532818	1.14969625592305e-09	-9.36463145296249e-18	2.85759631530667e-26
"genome_810"	956383.367583487	-0.0468029607800038	8.58018982911471e-10	-6.98372102050905e-18	2.12940559593141e-26
"genome_811"	1667571.48016939	-0.0816227953718297	1.49691285828262e-09	-1.21905837841735e-17	3.71971891020589e-26
"genome_812"	1519333.68765716	-0.0744730430696182	1.36765732690343e-09	-1.11525167551145e-17	3.40722658656202e-26
"genome_813"	1254031.38577214	-0.0613342353034075	1.12382853009978e-09	-9.14290683149849e-18	2.78657403285611e-26
"genome_814"	1458221.54932557	-0.0716986866104001	1.32082101457076e-09	-1.08045704229826e-17	3.3114448190098e-26
"genome_815"	757939.430331274	-0.0369593565146967	6.74987463407193e-10	-5.47177815032257e-18	1.66124623781482e-26
"genome_816"	1124846.88434865	-0.055116429879048	1.01175698882148e-09	-8.24639023090023e-18	2.51802192409848e-26
"genome_817"	1505970.48857559	-0.073659251740388	1.34987347195484e-09	-1.09849658589862e-17	3.3493389822755e-26
"genome_818"	1425731.37445486	-0.0699808445744699	1.28693745282674e-09	-1.05089238901107e-17	3.21512116390991e-26
"genome_819"	1568562.32855659	-0.0767549378188178	1.40725515846423e-09	-1.14574192274557e-17	3.49513066227648e-26
"genome_82"	1800132.89749645	-0.0879922378840814	1.61157417658979e-09	-1.31071275444087e-17	3.99420900593019e-26
"genome_820"	1656728.09693179	-0.0810800928746137	1.48672341334788e-09	-1.21055367715657e-17	3.69309673493068e-26
"genome_821"	1591373.9891621	-0.0781275494974194	1.43707930990487e-09	-1.17378382848392e-17	3.59205075671444e-26
"genome_822"	1354107.68357088	-0.0664951064035868	1.22341133961261e-09	-9.9951057380741e-18	3.05949818142417e-26
"genome_823"	1511350.4201379	-0.0739321664265996	1.35507521542284e-09	-1.10291198725017e-17	3.36342160058169e-26
"genome_824"	1051394.48033013	-0.0514889080612313	9.44576854744422e-10	-7.69344491653214e-18	2.34735784054034e-26
"genome_825"	972111.797444814	-0.0477816478414343	8.79703703618549e-10	-7.1899967086353e-18	2.20117877312654e-26
"genome_826"	1957837.98650815	-0.0957778060657467	1.7556026266267e-09	-1.42904418252291e-17	4.35850587942446e-26
"genome_827"	1430129.21275115	-0.0700143725674583	1.28422191876103e-09	-1.04596833653242e-17	3.1918113915637e-26
"genome_828"	1052622.36150795	-0.0517402248582149	9.52772072449643e-10	-7.79004435525186e-18	2.38614495736749e-26
"genome_829"	1160057.23321919	-0.0568250264000257	1.04280174987747e-09	-8.49672111485836e-18	2.59360922409677e-26
"genome_83"	1060168.88220445	-0.0519739273870197	9.54519650590698e-10	-7.78320131513261e-18	2.37750497143927e-26
"genome_830"	1431152.09260649	-0.0700304831609661	1.28390683849208e-09	-1.04522546361061e-17	3.18809703343176e-26
"genome_831"	1307212.65135969	-0.0640591305777378	1.17609239822359e-09	-9.5876610886923e-18	2.92826294425485e-26
"genome_832"	1185889.51012312	-0.0580431375720353	1.06430962202336e-09	-8.66522480096489e-18	2.64302377611636e-26
"genome_833"	1391471.87868266	-0.0680120640777105	1.24548828782814e-09	-1.01279323683852e-17	3.0856356917272e-26
"genome_834"	1327377.23775916	-0.065123169566565	1.19701748727699e-09	-9.76954619214986e-18	2.98725668138186e-26
"genome_835"	1111940.36018825	-0.0545610472854182	1.00290015876696e-09	-8.18449350217092e-18	2.50207806233352e-26
"genome_836"	1398155.27614618	-0.0685439082994348	1.25893860992113e-09	-1.02670949651122e-17	3.13699076470099e-26
"genome_837"	1124621.69824574	-0.0551352171045736	1.01257041483307e-09	-8.25618635027299e-18	2.52177857599563e-26
"genome_838"	1679805.78837926	-0.0821683759103096	1.50594463888221e-09	-1.22562310520982e-17	3.73734478742088e-26
"genome_839"	1179100.93417879	-0.0576629433413565	1.05632046344385e-09	-8.59074826742133e-18	2.61707773476858e-26
"genome_84"	1076098.88245548	-0.0526917646658907	9.66463963036679e-10	-7.86984811324692e-18	2.40049557953301e-26
"genome_840"	1019775.54596251	-0.0500243368233928	9.19201297550884e-10	-7.49856197388759e-18	2.2913941866723e-26
"genome_841"	1063032.39321228	-0.0520935121651486	9.56269726242164e-10	-7.79332503180109e-18	2.37918010646418e-26
"genome_842"	1210705.09979295	-0.0592992238330687	1.0880585168627e-09	-8.86406232965376e-18	2.70524034546693e-26
"genome_843"	1502820.49736853	-0.073526009490203	1.34779285737373e-09	-1.09708051178292e-17	3.34581477177536e-26
"genome_844"	1900959.84502957	-0.0929001641075579	1.70111346494557e-09	-1.383274913108e-17	4.21460456615031e-26
"genome_845"	1443017.47300094	-0.070683681078425	1.29722038346275e-09	-1.05716022917871e-17	3.22786698392044e-26
"genome_846"	650663.582673462	-0.0314798321727424	5.70049299220376e-10	-4.57883530603496e-18	1.37641320364787e-26
"genome_847"	1476133.55810352	-0.0721513695458807	1.32126349236692e-09	-1.07434775303656e-17	3.27284685708794e-26
"genome_848"	1629585.30107973	-0.0796458726933319	1.4585619983523e-09	-1.18617075647565e-17	3.61447403104624e-26
"genome_849"	1380483.97174816	-0.0676967330303112	1.24379014186292e-09	-1.01474023875634e-17	3.10174689261099e-26
"genome_85"	958911.942380648	-0.0469055153855552	8.59501143177448e-10	-6.99247531688597e-18	2.13104571689303e-26
"genome_850"	1090864.13504401	-0.0533004373220275	9.7554471221342e-10	-7.92689218962656e-18	2.41274670845585e-26
"genome_851"	1161063.92977881	-0.0567175199262739	1.03799283600223e-09	-8.43475046199558e-18	2.56782743785701e-26
"genome_852"	1629467.4267129	-0.0795269738519954	1.45418220700554e-09	-1.18070972716522e-17	3.59171311754693e-26
"genome_853"	494284.829315369	-0.0237832816699611	4.28046882053322e-10	-3.41479029962422e-18	1.01869713549079e-26
"genome_854"	1256131.63826279	-0.0615825340692468	1.13107702766579e-09	-9.2241095033008e-18	2.81818832854695e-26
"genome_855"	1434107.23358348	-0.070209301527865	1.287854004213e-09	-1.04901777109215e-17	3.20153636258978e-26
"genome_856"	1436120.43685902	-0.0705006748957709	1.29666958295797e-09	-1.05897186207987e-17	3.24021643633896e-26
"genome_857"	1095219.13793247	-0.0536535002266154	9.84644341842172e-10	-8.02285753619872e-18	2.44884808523993e-26
"genome_858"	1599661.88042369	-0.078180357143082	1.43165880114559e-09	-1.1642302533859e-17	3.54740196467574e-26
"genome_859"	1164129.01185097	-0.0569272068406806	1.04292102603788e-09	-8.48360129234056e-18	2.58536112092753e-26
"genome_86"	436812.057459752	-0.0220400861590776	4.15635222298629e-10	-3.47269402110149e-18	1.08485830758262e-26
"genome_860"	1652585.17125688	-0.0807085055987157	1.47687446729221e-09	-1.20011172304797e-17	3.65399759131135e-26
"genome_861"	1573267.13495639	-0.0773085558314258	1.42335300856269e-09	-1.16370694061595e-17	3.56480984110867e-26
"genome_862"	519631.083686264	-0.025919950148124	4.8374631922385e-10	-4.00375448403499e-18	1.2400372885967e-26
"genome_863"	1395958.56697225	-0.0683354494022649	1.25330022060064e-09	-1.02066794023068e-17	3.11421805541699e-26
"genome_864"	1258609.77027316	-0.0616839446425758	1.13254735768054e-09	-9.23270822276861e-18	2.81971874177779e-26
"genome_865"	1514537.6305999	-0.0743739318638692	1.3683540230678e-09	-1.11789016764695e-17	3.42167368259052e-26
"genome_866"	1135546.06373416	-0.0556616161459407	1.02205270590709e-09	-8.33183649441886e-18	2.54432370599348e-26
"genome_867"	1863186.31426512	-0.0910286461921735	1.66634784556461e-09	-1.35457831933304e-17	4.12580036449721e-26
"genome_87"	1124734.20715775	-0.0550481916178785	1.00928041786799e-09	-8.2156373885563e-18	2.50522530848624e-26
"genome_88"	1204747.79332381	-0.0591952319915899	1.08964859494487e-09	-8.90595072912014e-18	2.72699029844865e-26
"genome_89"	1379010.3427464	-0.0676098284169752	1.24190849707011e-09	-1.01296020805369e-17	3.09552144237689e-26
"genome_9"	1554232.48713339	-0.0761409958169377	1.3975761823065e-09	-1.13912501028035e-17	3.47872974405141e-26
"genome_90"	1262072.28744041	-0.0619036040014521	1.13751151355102e-09	-9.2808782986647e-18	2.8368170977318e-26
"genome_91"	1660158.79398963	-0.0812159418997849	1.48869891678359e-09	-1.21180021038243e-17	3.69596658355909e-26
"genome_92"	1231732.11458605	-0.0603335929685043	1.10712149429078e-09	-9.02006653234736e-18	2.75307577478717e-26
"genome_93"	777275.673840713	-0.0381121309498438	6.99958373027459e-10	-5.70670767939307e-18	1.7426834644795e-26
"genome_94"	1489903.90245949	-0.0731910674182077	1.34706417990672e-09	-1.10086633912715e-17	3.37064274534997e-26
"genome_95"	1338605.43033227	-0.0657418348936794	1.20965716437752e-09	-9.88325109693689e-18	3.02531330295143e-26
"genome_96"	1615844.15615701	-0.079092679675189	1.45058564625955e-09	-1.18142427916499e-17	3.60527703292184e-26
"genome_97"	973317.562094749	-0.0476196152214989	8.72704566699469e-10	-7.10038593387705e-18	2.16393466817799e-26
"genome_98"	1526674.07605667	-0.0746713482205203	1.36838475898939e-09	-1.11350982352193e-17	3.39489564888889e-26
"genome_99"	1514082.92303918	-0.0740757895722084	1.35787525291904e-09	-1.10531361039024e-17	3.37107342885943e-26
