position	numhm	numht
1000000	599	1438
2000000	414	601
3000000	359	549
4000000	332	457
5000000	399	452
6000000	355	401
7000000	280	445
8000000	267	434
9000000	319	513
10000000	355	345
11000000	338	440
12000000	246	345
13000000	194	370
14000000	241	382
15000000	216	385
16000000	234	376
17000000	208	281
18000000	209	350
19000000	235	296
20000000	151	230
21000000	195	311
22000000	167	243
23000000	141	195
24000000	125	194
25000000	120	125
26000000	89	165
27000000	171	206
28000000	117	153
29000000	85	155
30000000	80	99
31000000	119	88
32000000	151	197
33000000	380	636
34000000	312	452
35000000	409	422
36000000	83	105
37000000	130	137
38000000	191	252
39000000	343	513
40000000	465	448
41000000	165	159
42000000	271	442
43000000	407	572
44000000	355	396
45000000	428	494
46000000	168	161
47000000	76	92
48000000	83	96
49000000	168	250
50000000	225	402
51000000	372	402
52000000	379	434
53000000	131	113
54000000	93	159
55000000	124	242
56000000	347	521
57000000	342	397
58000000	358	437
59000000	327	342
60000000	82	122
61000000	73	77
62000000	134	166
63000000	280	435
64000000	351	543
65000000	380	428
66000000	349	349
67000000	64	147
68000000	92	173
69000000	150	206
70000000	209	259
71000000	306	388
72000000	399	404
73000000	434	530
74000000	102	92
75000000	83	110
76000000	99	98
77000000	110	147
78000000	272	358
79000000	337	366
80000000	415	410
81000000	220	254
82000000	62	114
83000000	61	148
84000000	114	112
85000000	226	333
86000000	386	594
87000000	329	366
88000000	483	512
89000000	464	402
90000000	120	76
91000000	235	154
92000000	260	132
93000000	250	248
94000000	301	423
95000000	359	509
96000000	376	434
97000000	433	440
98000000	262	239
99000000	43	40
100000000	60	61
101000000	102	101
102000000	114	167
103000000	188	324
104000000	382	601
105000000	349	436
106000000	372	406
107000000	259	246
108000000	71	66
109000000	121	125
110000000	130	191
111000000	160	234
112000000	188	267
113000000	265	347
114000000	321	378
115000000	390	440
116000000	440	469
117000000	33	42
118000000	47	78
119000000	63	84
120000000	69	100
121000000	73	91
122000000	74	110
123000000	82	129
124000000	90	105
125000000	64	110
126000000	129	133
127000000	84	132
128000000	71	142
129000000	109	131
130000000	100	157
131000000	152	206
132000000	156	202
133000000	170	276
134000000	162	273
135000000	237	326
136000000	327	389
137000000	255	408
138000000	344	465
139000000	353	446
140000000	387	465
141000000	430	446
142000000	443	475
143000000	261	323
144000000	283	346
145000000	180	498
146000000	127	235
147000000	53	120
148000000	26	67
149000000	74	144
150000000	79	96
151000000	86	73
152000000	46	37
153000000	46	54
154000000	270	344
155000000	40	84
156000000	60	119
157000000	125	105
158000000	17	11
159000000	9	10
160000000	21	35
161000000	61	78
162000000	91	114
163000000	144	109
164000000	11	5
165000000	12	17
166000000	78	71
167000000	57	88
168000000	8	1
169000000	21	20
170000000	86	103
171000000	77	77
172000000	33	38
173000000	47	34
174000000	55	69
175000000	0	0
176000000	0	0
177000000	62	44
178000000	74	64
179000000	95	101
180000000	158	185
181000000	174	125
182000000	77	76
183000000	26	38
184000000	142	103
185000000	194	241
186000000	24	22
187000000	75	81
188000000	15	4
189000000	72	103
190000000	190	210
191000000	36	49
192000000	172	198
193000000	136	144
194000000	4	6
195000000	0	0
196000000	12	29
197000000	36	32
198000000	0	0
199000000	44	32
200000000	15	15
201000000	9	13
202000000	0	0
203000000	325	287
204000000	193	192
205000000	112	102
206000000	87	67
207000000	125	153
208000000	249	259
209000000	221	180
210000000	68	80
211000000	0	0
212000000	0	0
213000000	20	21
214000000	12	10
215000000	199	178
216000000	1	0
217000000	19	37
218000000	67	112
219000000	329	300
220000000	2	0
221000000	130	115
222000000	7	29
223000000	7	10
224000000	0	0
225000000	0	0
226000000	7	1
227000000	13	25
228000000	11	13
229000000	22	16
230000000	68	70
231000000	11	25
232000000	7	1
233000000	8	9
234000000	7	12
235000000	183	173
236000000	1	4
237000000	11	4
238000000	6	3
239000000	179	172
240000000	0	1
241000000	0	0
242000000	0	0
243000000	17	17
244000000	1	0
245000000	8	11
246000000	1	0
247000000	0	0
248000000	5	4
249000000	12	8
250000000	0	0
251000000	59	47
252000000	156	144
253000000	0	0
254000000	7	2
255000000	0	0
256000000	0	0
257000000	4	10
258000000	0	0
259000000	3	1
260000000	2	1
261000000	6	15
262000000	0	0
263000000	20	10
264000000	0	0
265000000	12	6
266000000	95	66
267000000	51	39
268000000	220	203
269000000	38	84
270000000	34	44
271000000	13	58
272000000	34	60
273000000	16	64
274000000	33	83
275000000	45	17
276000000	49	43
277000000	44	51
278000000	62	81
279000000	88	68
280000000	91	157
281000000	52	85
282000000	100	154
283000000	162	187
284000000	164	217
285000000	174	181
286000000	267	290
287000000	386	417
288000000	541	591
289000000	149	141
290000000	62	42
291000000	89	53
292000000	116	89
293000000	122	148
294000000	143	109
295000000	94	136
296000000	132	140
297000000	61	20
298000000	98	73
299000000	65	61
300000000	106	53
301000000	59	30
302000000	86	71
303000000	103	56
304000000	80	61
305000000	91	67
306000000	137	104
307000000	85	39
308000000	90	88
309000000	112	69
310000000	111	98
311000000	119	97
312000000	159	205
313000000	299	287
314000000	164	147
315000000	96	101
316000000	164	127
317000000	30	36
318000000	2	0
319000000	3	1
320000000	29	22
321000000	15	16
322000000	81	63
323000000	114	121
324000000	192	158
325000000	7	11
326000000	0	0
327000000	26	31
328000000	4	1
329000000	0	0
330000000	25	30
331000000	79	104
332000000	141	113
333000000	0	0
334000000	0	0
335000000	18	15
336000000	0	0
337000000	0	0
338000000	17	22
339000000	14	24
340000000	6	0
341000000	4	5
342000000	1	1
343000000	0	0
344000000	2	3
345000000	2	0
346000000	8	7
347000000	30	22
348000000	5	10
349000000	0	0
350000000	4	2
351000000	20	9
352000000	4	0
353000000	0	0
354000000	26	51
355000000	132	105
356000000	0	0
357000000	0	0
358000000	28	13
359000000	1	2
360000000	0	0
361000000	0	4
362000000	7	20
363000000	18	13
364000000	8	3
365000000	0	0
366000000	0	0
367000000	12	12
368000000	0	0
369000000	8	3
370000000	3	1
371000000	0	0
372000000	11	14
373000000	2	7
374000000	0	0
375000000	3	14
376000000	88	85
377000000	0	0
378000000	0	0
379000000	19	19
380000000	0	0
381000000	3	0
382000000	5	8
383000000	65	51
384000000	0	0
385000000	9	4
386000000	116	114
387000000	108	95
388000000	6	1
389000000	0	0
390000000	42	39
391000000	47	42
392000000	0	0
393000000	17	23
394000000	8	13
395000000	23	17
396000000	0	0
397000000	7	18
398000000	4	6
399000000	19	7
400000000	0	0
401000000	11	7
402000000	0	0
403000000	7	1
404000000	2	2
405000000	9	5
406000000	40	42
407000000	22	17
408000000	0	0
409000000	0	5
410000000	29	25
411000000	3	1
412000000	2	3
413000000	26	30
414000000	51	70
415000000	129	78
416000000	39	32
417000000	3	0
418000000	58	33
419000000	33	23
420000000	48	66
421000000	9	6
422000000	118	138
423000000	19	4
424000000	102	61
425000000	0	12
426000000	81	60
427000000	36	27
428000000	232	178
429000000	7	3
430000000	81	62
431000000	0	0
432000000	11	19
433000000	48	68
434000000	11	12
435000000	31	22
436000000	104	83
437000000	36	26
438000000	63	45
439000000	117	106
440000000	124	56
441000000	20	27
442000000	70	35
443000000	29	37
444000000	0	2
445000000	2	3
446000000	17	31
447000000	30	31
448000000	52	59
449000000	115	92
450000000	8	12
451000000	0	0
452000000	114	42
453000000	167	111
454000000	194	92
455000000	236	189
456000000	24	38
457000000	85	29
458000000	59	43
459000000	35	28
460000000	77	79
461000000	91	27
462000000	60	20
463000000	2	0
464000000	46	45
465000000	52	47
466000000	1	11
467000000	2	2
468000000	0	0
469000000	9	9
470000000	0	0
471000000	44	46
472000000	23	9
473000000	28	52
474000000	19	18
475000000	9	7
476000000	6	6
477000000	6	6
478000000	73	61
479000000	27	38
480000000	0	0
481000000	0	0
482000000	21	13
483000000	12	17
484000000	58	51
485000000	36	35
486000000	14	6
487000000	46	33
488000000	0	0
489000000	10	9
490000000	2	3
491000000	2	8
492000000	8	13
493000000	3	4
494000000	74	74
495000000	16	19
496000000	0	0
497000000	7	1
498000000	0	0
499000000	4	0
500000000	8	6
501000000	3	2
502000000	6	13
503000000	17	29
504000000	21	21
505000000	111	72
506000000	193	189
507000000	119	77
508000000	147	139
509000000	6	3
510000000	2	4
511000000	74	45
512000000	53	31
513000000	62	48
514000000	143	128
515000000	20	8
516000000	41	16
517000000	37	50
518000000	18	29
519000000	32	12
520000000	16	17
521000000	4	9
522000000	14	11
523000000	4	8
524000000	2	0
525000000	14	14
526000000	14	6
527000000	2	8
528000000	23	27
529000000	6	11
530000000	0	0
531000000	5	8
532000000	20	26
533000000	0	0
534000000	19	37
535000000	38	47
536000000	4	8
537000000	4	19
538000000	29	37
539000000	2	9
540000000	20	25
541000000	74	23
542000000	10	32
543000000	12	14
544000000	23	11
545000000	51	17
546000000	29	30
547000000	68	30
548000000	32	32
549000000	4	12
550000000	58	54
551000000	30	23
552000000	9	1
553000000	71	58
554000000	17	10
555000000	153	119
556000000	86	97
557000000	107	184
558000000	72	120
559000000	144	121
560000000	54	29
561000000	42	38
562000000	162	72
563000000	32	26
564000000	8	4
565000000	23	19
566000000	39	36
567000000	23	31
568000000	65	63
569000000	7	12
570000000	16	8
571000000	253	152
572000000	287	179
573000000	112	133
574000000	110	123
575000000	11	7
576000000	3	7
577000000	22	20
578000000	85	157
579000000	122	174
580000000	3	8
581000000	107	203
582000000	11	13
583000000	83	121
584000000	3	11
585000000	15	18
586000000	9	5
587000000	60	71
588000000	47	168
589000000	10	27
590000000	4	22
591000000	3	69
592000000	84	101
593000000	118	165
594000000	16	113
595000000	27	30
596000000	18	52
597000000	41	54
598000000	124	213
599000000	113	188
600000000	206	300
601000000	117	264
602000000	52	122
603000000	46	133
604000000	193	327
605000000	126	375
606000000	54	121
607000000	180	346
608000000	111	148
609000000	9	30
610000000	15	25
611000000	27	86
612000000	248	354
613000000	66	62
614000000	85	65
615000000	119	117
616000000	59	62
617000000	162	203
618000000	249	265
619000000	19	30
620000000	7	14
621000000	70	75
622000000	89	238
623000000	278	348
624000000	184	106
625000000	225	138
626000000	40	28
627000000	28	28
628000000	109	72
629000000	170	176
630000000	21	7
631000000	80	26
632000000	117	39
633000000	200	101
634000000	46	48
635000000	36	25
636000000	47	18
637000000	5	15
638000000	10	1
639000000	163	160
640000000	56	78
641000000	42	15
642000000	53	36
643000000	41	43
644000000	31	28
645000000	26	53
646000000	4	1
647000000	62	52
648000000	17	12
649000000	4	3
650000000	4	8
651000000	160	186
652000000	19	14
653000000	22	19
654000000	98	151
655000000	164	227
656000000	187	219
657000000	2	0
658000000	3	0
659000000	55	45
660000000	121	249
661000000	81	78
662000000	2	3
663000000	7	6
664000000	3	0
665000000	0	0
666000000	121	172
667000000	11	13
668000000	5	21
669000000	84	103
670000000	178	228
671000000	80	96
672000000	147	295
673000000	476	568
674000000	940	878
675000000	157	158
676000000	8	5
677000000	71	99
678000000	96	104
679000000	65	113
680000000	0	0
681000000	0	0
682000000	23	26
683000000	5	2
684000000	1	1
685000000	111	98
686000000	44	47
687000000	15	28
688000000	5	0
689000000	45	65
690000000	72	44
691000000	38	37
692000000	298	320
693000000	76	52
694000000	21	12
695000000	16	16
696000000	36	27
697000000	25	20
698000000	0	0
699000000	21	35
700000000	97	102
701000000	7	10
702000000	47	23
703000000	41	30
704000000	4	6
705000000	7	7
706000000	7	4
707000000	34	35
708000000	65	68
709000000	91	74
710000000	6	10
711000000	2	0
712000000	7	6
713000000	3	4
714000000	3	6
715000000	16	4
716000000	27	34
717000000	17	10
718000000	120	168
719000000	91	71
720000000	212	165
721000000	107	156
722000000	0	0
723000000	3	3
724000000	235	261
725000000	323	282
726000000	4	2
727000000	0	0
728000000	50	62
729000000	130	155
730000000	7	1
731000000	1	4
732000000	30	47
733000000	0	0
734000000	6	3
735000000	6	7
736000000	87	95
737000000	81	75
738000000	2	1
739000000	2	1
740000000	9	1
741000000	0	2
742000000	0	0
743000000	4	5
744000000	8	7
745000000	0	0
746000000	2	1
747000000	0	0
748000000	1	1
749000000	3	1
750000000	0	0
751000000	12	4
752000000	25	36
753000000	81	60
754000000	0	0
755000000	4	6
756000000	0	0
757000000	2	0
758000000	0	0
759000000	2	2
760000000	5	1
761000000	1	0
762000000	5	1
763000000	0	0
764000000	0	0
765000000	18	51
766000000	96	130
767000000	26	33
768000000	2	8
769000000	14	17
770000000	38	52
771000000	2	2
772000000	6	17
773000000	109	143
774000000	224	195
775000000	43	103
776000000	77	125
777000000	121	238
778000000	177	182
779000000	340	321
780000000	415	358
781000000	419	392
782000000	700	624
783000000	69	88
784000000	245	276
785000000	3	0
786000000	11	5
787000000	9	3
788000000	14	4
789000000	5	6
790000000	0	1
791000000	11	12
792000000	0	0
793000000	3	2
794000000	0	0
795000000	0	0
796000000	14	5
797000000	1	3
798000000	5	7
799000000	10	28
800000000	125	130
801000000	4	3
802000000	0	0
803000000	8	3
804000000	1	1
805000000	73	98
806000000	183	209
807000000	0	0
808000000	29	44
809000000	118	139
810000000	107	80
811000000	7	3
812000000	2	5
813000000	7	6
814000000	3	16
815000000	2	2
816000000	9	28
817000000	157	166
818000000	266	307
819000000	494	452
820000000	120	120
821000000	9	9
822000000	3	6
823000000	0	0
824000000	0	0
825000000	0	0
826000000	4	1
827000000	0	0
828000000	2	0
829000000	4	1
830000000	0	0
831000000	3	4
832000000	17	12
833000000	0	0
834000000	0	0
835000000	7	12
836000000	16	41
837000000	49	51
838000000	147	102
839000000	306	247
840000000	9	8
841000000	0	0
842000000	0	0
843000000	8	3
844000000	0	0
845000000	87	93
846000000	0	0
847000000	0	0
848000000	0	0
849000000	31	30
850000000	0	0
851000000	0	0
852000000	16	13
853000000	46	57
854000000	33	60
855000000	44	73
856000000	51	55
857000000	54	74
858000000	47	68
859000000	56	87
860000000	62	115
861000000	48	60
862000000	89	138
863000000	78	88
864000000	107	98
865000000	130	167
866000000	176	179
867000000	147	155
868000000	69	66
869000000	68	60
870000000	101	103
871000000	86	107
872000000	127	155
873000000	139	156
874000000	316	303
875000000	113	123
876000000	254	223
877000000	297	362
878000000	408	403
879000000	499	470
880000000	852	807
881000000	39	44
882000000	29	38
883000000	18	44
884000000	61	92
885000000	52	61
886000000	61	87
887000000	47	89
888000000	47	71
889000000	80	101
890000000	96	60
891000000	66	89
892000000	48	62
893000000	70	123
894000000	70	79
895000000	113	133
896000000	154	173
897000000	188	178
898000000	191	195
899000000	280	248
900000000	463	379
901000000	119	149
902000000	508	464
903000000	0	0
904000000	6	0
905000000	0	0
906000000	19	26
907000000	22	22
908000000	53	52
909000000	57	88
910000000	70	85
911000000	101	89
912000000	79	110
913000000	108	86
914000000	184	147
915000000	159	155
916000000	82	91
917000000	79	132
918000000	184	184
919000000	145	153
920000000	209	210
921000000	366	364
922000000	16	11
923000000	3	0
924000000	3	3
925000000	2	2
926000000	11	11
927000000	3	3
928000000	0	1
929000000	6	4
930000000	1	2
931000000	17	9
932000000	14	9
933000000	0	0
934000000	26	60
935000000	241	244
936000000	0	0
937000000	0	0
938000000	0	0
939000000	47	78
940000000	252	257
941000000	0	0
942000000	52	80
943000000	391	413
944000000	4	2
945000000	44	61
946000000	172	146
947000000	93	123
948000000	1	4
949000000	0	0
950000000	0	0
951000000	21	18
952000000	0	0
953000000	6	18
954000000	78	63
955000000	13	11
956000000	9	7
957000000	0	0
958000000	0	0
959000000	8	1
960000000	47	51
961000000	17	11
962000000	0	0
963000000	26	32
964000000	0	0
965000000	322	331
966000000	332	318
967000000	132	153
968000000	11	11
969000000	230	241
970000000	26	22
971000000	117	85
972000000	193	123
973000000	162	197
974000000	5	10
975000000	0	0
976000000	19	13
977000000	0	0
978000000	8	10
979000000	3	5
980000000	2	0
981000000	5	3
982000000	65	37
983000000	73	66
984000000	108	112
985000000	1	6
986000000	4	13
987000000	0	0
988000000	6	10
989000000	5	8
990000000	76	80
991000000	74	74
992000000	0	0
993000000	71	70
994000000	173	184
995000000	42	28
996000000	0	0
997000000	0	0
998000000	0	0
999000000	6	2
1000000000	3	9
1001000000	0	0
1002000000	3	1
1003000000	0	2
1004000000	5	7
1005000000	91	114
1006000000	417	323
1007000000	0	0
1008000000	25	12
1009000000	0	0
1010000000	17	17
1011000000	304	298
1012000000	78	60
1013000000	152	118
1014000000	24	34
1015000000	4	5
1016000000	6	1
1017000000	7	5
1018000000	9	2
1019000000	0	0
1020000000	103	108
1021000000	74	69
1022000000	70	52
1023000000	170	136
1024000000	2	0
1025000000	0	0
1026000000	108	102
1027000000	387	340
1028000000	20	10
1029000000	0	0
1030000000	13	11
1031000000	3	3
1032000000	1	0
1033000000	0	0
1034000000	77	48
1035000000	182	151
1036000000	93	87
1037000000	12	2
1038000000	52	39
1039000000	190	199
1040000000	18	20
1041000000	15	19
1042000000	218	210
1043000000	39	24
1044000000	89	68
1045000000	30	13
1046000000	61	69
1047000000	190	172
1048000000	200	174
1049000000	2	4
1050000000	94	123
1051000000	0	0
1052000000	0	0
1053000000	0	0
1054000000	44	34
1055000000	0	0
1056000000	114	81
1057000000	207	175
1058000000	264	203
1059000000	206	259
1060000000	0	0
1061000000	41	35
1062000000	17	9
1063000000	55	42
1064000000	102	64
1065000000	5	0
1066000000	24	24
1067000000	0	0
1068000000	83	48
1069000000	83	97
1070000000	0	0
1071000000	16	26
1072000000	116	120
1073000000	1	4
1074000000	23	29
1075000000	1	2
1076000000	117	85
1077000000	26	33
1078000000	188	137
1079000000	214	204
1080000000	189	213
1081000000	79	59
1082000000	90	44
1083000000	173	196
1084000000	18	8
1085000000	70	37
1086000000	1	2
1087000000	30	48
1088000000	3	5
1089000000	3	2
1090000000	127	150
1091000000	11	5
1092000000	138	142
1093000000	28	22
1094000000	4	1
1095000000	0	0
1096000000	14	18
1097000000	0	0
1098000000	55	79
1099000000	57	68
1100000000	17	15
1101000000	28	34
1102000000	78	78
1103000000	129	124
1104000000	35	25
1105000000	49	50
1106000000	14	20
1107000000	23	27
1108000000	12	3
1109000000	18	25
1110000000	7	8
1111000000	60	102
1112000000	249	356
1113000000	75	76
1114000000	19	38
1115000000	111	177
1116000000	170	282
1117000000	63	102
1118000000	29	29
1119000000	16	55
1120000000	53	71
1121000000	50	46
1122000000	107	127
1123000000	88	58
1124000000	57	39
1125000000	138	169
1126000000	34	16
1127000000	30	25
1128000000	38	33
1129000000	144	153
1130000000	131	125
1131000000	81	75
1132000000	14	11
1133000000	73	146
1134000000	3	29
1135000000	22	21
1136000000	177	267
1137000000	177	209
1138000000	61	88
1139000000	173	270
1140000000	177	219
1141000000	117	124
1142000000	24	31
1143000000	25	17
1144000000	7	7
1145000000	66	83
1146000000	188	446
1147000000	135	187
1148000000	4	2
1149000000	28	38
1150000000	23	33
1151000000	42	44
1152000000	32	43
1153000000	46	48
1154000000	133	277
1155000000	174	135
1156000000	0	0
1157000000	6	23
1158000000	35	53
1159000000	38	60
1160000000	9	8
1161000000	3	5
1162000000	28	63
1163000000	34	53
1164000000	0	0
1165000000	62	78
1166000000	92	53
1167000000	11	7
1168000000	27	13
1169000000	56	58
1170000000	100	125
1171000000	35	20
1172000000	7	13
1173000000	3	14
1174000000	0	0
1175000000	19	13
1176000000	1	7
1177000000	23	26
1178000000	34	64
1179000000	141	193
1180000000	19	27
1181000000	53	21
1182000000	11	4
1183000000	11	21
1184000000	64	90
1185000000	21	17
1186000000	32	16
1187000000	29	11
1188000000	43	20
1189000000	202	104
1190000000	132	173
1191000000	27	28
1192000000	39	43
1193000000	10	23
1194000000	0	0
1195000000	4	4
1196000000	0	0
1197000000	56	63
1198000000	12	4
1199000000	0	0
1200000000	31	25
1201000000	7	8
1202000000	12	15
1203000000	13	16
1204000000	0	0
1205000000	22	34
1206000000	8	1
1207000000	6	11
1208000000	0	0
1209000000	2	2
1210000000	0	0
1211000000	7	18
1212000000	0	0
1213000000	5	20
1214000000	0	0
1215000000	2	0
1216000000	10	2
1217000000	198	204
1218000000	0	2
1219000000	0	0
1220000000	0	0
1221000000	26	11
1222000000	17	10
1223000000	23	18
1224000000	15	15
1225000000	5	10
1226000000	14	14
1227000000	0	1
1228000000	0	0
1229000000	0	0
1230000000	9	14
1231000000	8	19
1232000000	4	8
1233000000	8	3
1234000000	54	56
1235000000	19	31
1236000000	20	6
1237000000	0	0
1238000000	0	0
1239000000	0	4
1240000000	0	0
1241000000	9	4
1242000000	5	4
1243000000	3	0
1244000000	223	235
1245000000	0	0
1246000000	38	21
1247000000	22	25
1248000000	2	0
1249000000	29	20
1250000000	0	0
1251000000	6	9
1252000000	4	4
1253000000	5	8
1254000000	1	3
1255000000	15	16
1256000000	2	5
1257000000	2	3
1258000000	0	0
1259000000	0	0
1260000000	47	53
1261000000	0	0
1262000000	7	10
1263000000	21	27
1264000000	2	6
1265000000	0	0
1266000000	0	0
1267000000	5	6
1268000000	9	8
1269000000	0	0
1270000000	19	13
1271000000	0	0
1272000000	11	11
1273000000	2	3
1274000000	24	15
1275000000	0	0
1276000000	0	2
1277000000	0	0
1278000000	21	25
1279000000	44	17
1280000000	61	52
1281000000	44	51
1282000000	24	16
1283000000	83	65
1284000000	32	58
1285000000	47	36
1286000000	48	46
1287000000	62	34
1288000000	63	60
1289000000	120	104
1290000000	127	86
1291000000	89	73
1292000000	114	101
1293000000	106	78
1294000000	147	178
1295000000	268	262
1296000000	334	298
1297000000	292	296
1298000000	48	60
1299000000	147	146
1300000000	105	104
1301000000	40	118
1302000000	33	40
1303000000	58	38
1304000000	68	68
1305000000	56	57
1306000000	60	65
1307000000	76	134
1308000000	176	204
1309000000	411	303
1310000000	166	129
1311000000	0	0
1312000000	0	0
1313000000	0	0
1314000000	0	0
1315000000	0	0
1316000000	14	22
1317000000	4	17
1318000000	0	0
1319000000	0	0
1320000000	13	13
1321000000	13	7
1322000000	0	0
1323000000	6	10
1324000000	29	9
1325000000	4	6
1326000000	8	7
1327000000	3	7
1328000000	2	10
1329000000	12	9
1330000000	0	0
1331000000	3	9
1332000000	0	0
1333000000	32	39
1334000000	136	132
1335000000	0	0
1336000000	20	8
1337000000	0	0
1338000000	0	0
1339000000	0	0
1340000000	11	10
1341000000	12	31
1342000000	23	24
1343000000	35	28
1344000000	21	26
1345000000	37	24
1346000000	27	37
1347000000	39	37
1348000000	28	56
1349000000	36	41
1350000000	46	30
1351000000	47	65
1352000000	74	77
1353000000	65	70
1354000000	90	92
1355000000	85	85
1356000000	78	63
1357000000	90	113
1358000000	141	116
1359000000	277	274
1360000000	82	71
1361000000	33	73
1362000000	180	197
1363000000	37	45
1364000000	1	1
1365000000	0	0
1366000000	0	0
1367000000	8	6
1368000000	1	5
1369000000	0	0
1370000000	3	6
1371000000	0	3
1372000000	1	5
1373000000	9	11
1374000000	0	0
1375000000	10	8
1376000000	0	0
1377000000	2	2
1378000000	12	9
1379000000	9	4
1380000000	10	18
1381000000	8	5
1382000000	2	1
1383000000	0	0
1384000000	0	0
1385000000	6	6
1386000000	1	2
1387000000	0	0
1388000000	18	15
1389000000	21	31
1390000000	23	23
1391000000	40	68
1392000000	30	62
1393000000	29	71
1394000000	28	42
1395000000	28	54
1396000000	17	52
1397000000	48	43
1398000000	29	48
1399000000	66	91
1400000000	50	63
1401000000	45	48
1402000000	41	68
1403000000	38	77
1404000000	45	75
1405000000	30	47
1406000000	24	49
1407000000	33	70
1408000000	94	159
1409000000	69	107
1410000000	63	92
1411000000	70	99
1412000000	62	96
1413000000	79	130
1414000000	56	86
1415000000	79	155
1416000000	69	120
1417000000	52	90
1418000000	67	79
1419000000	105	119
1420000000	82	118
1421000000	120	168
1422000000	66	121
1423000000	85	153
1424000000	95	144
1425000000	75	94
1426000000	122	163
1427000000	104	144
1428000000	140	225
1429000000	143	161
1430000000	154	158
1431000000	176	151
1432000000	169	205
1433000000	164	201
1434000000	170	202
1435000000	198	278
1436000000	185	193
1437000000	243	296
1438000000	240	254
1439000000	238	304
1440000000	259	269
1441000000	363	354
1442000000	279	288
1443000000	295	315
1444000000	407	350
1445000000	413	408
1446000000	376	326
1447000000	423	417
1448000000	451	420
1449000000	619	569
1450000000	732	692
1451000000	593	647
1452000000	23	13
1453000000	27	55
1454000000	103	105
1455000000	297	294
1456000000	77	78
1457000000	122	145
1458000000	91	125
1459000000	8	3
1460000000	9	2
1461000000	7	28
1462000000	6	3
1463000000	2	3
1464000000	0	0
1465000000	0	0
1466000000	36	42
1467000000	52	48
1468000000	167	181
1469000000	5	4
1470000000	3	4
1471000000	0	0
1472000000	0	0
1473000000	23	13
1474000000	4	8
1475000000	0	0
1476000000	7	21
1477000000	102	93
1478000000	14	11
1479000000	6	9
1480000000	2	6
1481000000	116	83
1482000000	0	0
1483000000	0	0
1484000000	0	0
1485000000	36	43
1486000000	69	70
1487000000	7	10
1488000000	0	0
1489000000	7	9
1490000000	2	1
1491000000	98	47
1492000000	95	90
1493000000	0	0
1494000000	79	84
1495000000	4	1
1496000000	61	55
1497000000	2	8
1498000000	8	8
1499000000	4	3
1500000000	105	51
1501000000	106	105
1502000000	68	75
1503000000	22	25
1504000000	99	37
1505000000	54	31
1506000000	7	5
1507000000	2	1
1508000000	8	9
1509000000	0	0
1510000000	0	0
1511000000	0	1
1512000000	16	8
1513000000	9	10
1514000000	68	50
1515000000	202	134
1516000000	52	64
1517000000	9	15
1518000000	1	0
1519000000	8	6
1520000000	0	0
1521000000	0	0
1522000000	15	19
1523000000	5	5
1524000000	10	16
1525000000	1	0
1526000000	30	26
1527000000	0	0
1528000000	3	1
1529000000	38	31
1530000000	68	61
1531000000	195	188
1532000000	3	6
1533000000	25	13
1534000000	8	1
1535000000	0	1
1536000000	1	1
1537000000	4	7
1538000000	2	11
1539000000	0	0
1540000000	0	0
1541000000	0	0
1542000000	0	0
1543000000	22	29
1544000000	1	7
1545000000	35	34
1546000000	55	44
1547000000	136	132
1548000000	32	42
1549000000	91	67
1550000000	372	488
1551000000	96	67
1552000000	131	97
1553000000	49	43
1554000000	0	0
1555000000	31	41
1556000000	14	5
1557000000	35	41
1558000000	37	27
1559000000	5	13
1560000000	12	6
1561000000	18	6
1562000000	80	54
1563000000	278	218
1564000000	27	25
1565000000	99	120
1566000000	73	91
1567000000	156	157
1568000000	1	10
1569000000	36	36
1570000000	0	0
1571000000	0	0
1572000000	0	0
1573000000	0	0
1574000000	99	69
1575000000	146	147
1576000000	125	164
1577000000	14	15
1578000000	144	138
1579000000	20	21
1580000000	178	185
1581000000	223	241
1582000000	56	51
1583000000	187	168
1584000000	1	4
1585000000	0	0
1586000000	8	10
1587000000	129	91
1588000000	125	126
1589000000	0	1
1590000000	8	3
1591000000	0	0
1592000000	101	68
1593000000	14	18
1594000000	138	142
1595000000	11	15
1596000000	140	154
1597000000	23	32
1598000000	0	0
1599000000	12	4
1600000000	2	11
1601000000	24	9
1602000000	1	2
1603000000	8	0
1604000000	12	9
1605000000	12	8
1606000000	36	34
1607000000	11	7
1608000000	15	11
1609000000	0	0
1610000000	23	17
1611000000	11	11
1612000000	12	11
1613000000	53	78
1614000000	24	27
1615000000	122	106
1616000000	202	227
1617000000	43	46
1618000000	51	51
1619000000	7	5
1620000000	199	184
1621000000	21	13
1622000000	11	11
1623000000	44	55
1624000000	3	1
1625000000	8	10
1626000000	0	0
1627000000	11	31
1628000000	59	70
1629000000	0	8
1630000000	55	54
1631000000	30	26
1632000000	0	0
1633000000	0	0
1634000000	21	25
1635000000	22	31
1636000000	15	26
1637000000	33	37
1638000000	111	202
1639000000	0	0
1640000000	0	0
1641000000	30	35
1642000000	104	185
1643000000	8	6
1644000000	46	50
1645000000	95	106
1646000000	5	2
1647000000	31	50
1648000000	98	116
1649000000	205	245
1650000000	143	133
1651000000	40	42
1652000000	17	16
1653000000	9	15
1654000000	14	16
1655000000	2	7
1656000000	83	105
1657000000	22	34
1658000000	1	3
1659000000	13	10
1660000000	25	27
1661000000	32	51
1662000000	2	3
1663000000	0	0
1664000000	0	0
1665000000	278	263
1666000000	175	194
1667000000	140	112
1668000000	72	71
1669000000	93	87
1670000000	124	86
1671000000	51	51
1672000000	49	61
1673000000	16	21
1674000000	15	17
1675000000	0	0
1676000000	18	18
1677000000	57	71
1678000000	70	91
1679000000	163	114
1680000000	85	73
1681000000	0	0
1682000000	107	86
1683000000	207	191
1684000000	12	11
1685000000	28	24
1686000000	10	49
1687000000	32	31
1688000000	4	2
1689000000	84	100
1690000000	29	51
1691000000	42	20
1692000000	193	142
1693000000	176	123
1694000000	106	82
1695000000	38	47
1696000000	33	35
1697000000	31	42
1698000000	316	367
1699000000	97	101
1700000000	38	42
1701000000	198	212
1702000000	26	29
1703000000	68	86
1704000000	88	113
1705000000	72	96
1706000000	27	33
1707000000	6	8
1708000000	40	16
1709000000	44	18
1710000000	252	220
1711000000	78	44
1712000000	61	21
1713000000	161	127
1714000000	136	103
1715000000	6	8
1716000000	95	104
1717000000	78	46
1718000000	6	1
1719000000	82	79
1720000000	14	12
1721000000	87	79
1722000000	36	30
1723000000	302	328
1724000000	293	286
1725000000	403	348
1726000000	1	2
1727000000	11	4
1728000000	0	0
1729000000	14	15
1730000000	189	214
1731000000	13	23
1732000000	111	110
1733000000	181	219
1734000000	3	4
1735000000	2	4
1736000000	76	59
1737000000	99	98
1738000000	3	10
1739000000	65	78
1740000000	1	1
1741000000	279	341
1742000000	270	276
1743000000	189	277
1744000000	163	149
1745000000	145	133
1746000000	266	227
1747000000	147	194
1748000000	104	145
1749000000	301	349
1750000000	298	317
1751000000	41	76
1752000000	53	100
1753000000	100	128
1754000000	282	319
1755000000	254	263
1756000000	245	226
1757000000	56	44
1758000000	15	60
1759000000	34	54
1760000000	45	73
1761000000	78	127
1762000000	158	145
1763000000	116	107
1764000000	241	271
1765000000	16	20
1766000000	29	49
1767000000	82	101
1768000000	48	47
1769000000	71	80
1770000000	82	82
1771000000	52	67
1772000000	126	170
1773000000	115	99
1774000000	58	143
1775000000	34	59
1776000000	43	78
1777000000	106	177
1778000000	138	185
1779000000	171	255
1780000000	198	302
1781000000	245	298
1782000000	275	285
1783000000	374	423
1784000000	448	441
1785000000	364	439
1786000000	491	475
1787000000	461	523
1788000000	486	445
1789000000	640	597
1790000000	736	739
1791000000	1411	1160
1792000000	62	56
1793000000	190	201
1794000000	19	16
1795000000	41	33
1796000000	31	45
1797000000	27	33
1798000000	48	54
1799000000	33	38
1800000000	29	70
1801000000	37	70
1802000000	28	60
1803000000	58	85
1804000000	63	64
1805000000	81	77
1806000000	74	83
1807000000	173	216
1808000000	157	196
1809000000	12	9
1810000000	34	59
1811000000	22	20
1812000000	19	38
1813000000	38	57
1814000000	27	64
1815000000	35	57
1816000000	42	70
1817000000	64	73
1818000000	107	113
1819000000	163	209
1820000000	200	144
1821000000	182	180
1822000000	97	116
1823000000	40	58
1824000000	30	87
1825000000	60	114
1826000000	51	111
1827000000	68	100
1828000000	136	158
1829000000	251	238
1830000000	333	311
1831000000	7	10
1832000000	6	9
1833000000	7	0
1834000000	4	0
1835000000	0	3
1836000000	17	8
1837000000	0	0
1838000000	4	5
1839000000	1	2
1840000000	5	4
1841000000	12	11
1842000000	6	8
1843000000	0	0
1844000000	1	6
1845000000	5	3
1846000000	6	3
1847000000	3	0
1848000000	11	13
1849000000	4	6
1850000000	11	18
1851000000	7	7
1852000000	0	0
1853000000	0	3
1854000000	1	3
1855000000	4	8
1856000000	4	3
1857000000	0	0
1858000000	1	0
1859000000	0	0
1860000000	19	11
1861000000	0	0
1862000000	0	0
1863000000	1	1
1864000000	0	0
1865000000	9	7
1866000000	8	11
1867000000	0	0
1868000000	0	0
1869000000	16	39
1870000000	66	68
1871000000	56	88
1872000000	67	123
1873000000	74	155
1874000000	63	155
1875000000	147	152
1876000000	220	259
1877000000	214	193
1878000000	4	3
1879000000	0	0
1880000000	20	10
1881000000	1	0
1882000000	0	0
1883000000	0	0
1884000000	3	6
1885000000	1	1
1886000000	11	3
1887000000	5	8
1888000000	0	0
1889000000	7	11
1890000000	0	0
1891000000	0	0
1892000000	4	12
1893000000	0	0
1894000000	1	0
1895000000	0	0
1896000000	0	0
1897000000	6	12
1898000000	5	3
1899000000	0	0
1900000000	11	7
1901000000	2	6
1902000000	0	0
1903000000	0	0
1904000000	7	2
1905000000	30	30
1906000000	3	3
1907000000	0	0
1908000000	3	1
1909000000	2	1
1910000000	4	1
1911000000	3	7
1912000000	12	5
1913000000	14	6
1914000000	0	0
1915000000	0	0
1916000000	19	20
1917000000	0	0
1918000000	1	2
1919000000	7	6
1920000000	0	1
1921000000	4	5
1922000000	5	11
1923000000	0	0
1924000000	10	10
1925000000	4	4
1926000000	12	19
1927000000	6	6
1928000000	2	0
1929000000	4	6
1930000000	0	0
1931000000	0	0
1932000000	46	46
1933000000	15	26
1934000000	0	0
1935000000	4	2
1936000000	0	4
1937000000	0	0
1938000000	0	0
1939000000	2	2
1940000000	0	0
1941000000	0	0
1942000000	20	19
1943000000	0	0
1944000000	1	1
1945000000	7	13
1946000000	5	1
1947000000	2	3
1948000000	0	0
1949000000	9	17
1950000000	0	0
1951000000	2	9
1952000000	0	0
1953000000	0	0
1954000000	87	94
1955000000	97	84
1956000000	21	19
1957000000	2	0
1958000000	0	0
1959000000	3	1
1960000000	1	0
1961000000	0	0
1962000000	108	117
1963000000	0	5
1964000000	1	0
1965000000	0	0
1966000000	2	1
1967000000	0	0
1968000000	0	0
1969000000	97	125
1970000000	0	0
1971000000	2	0
1972000000	5	12
1973000000	261	267
1974000000	0	0
1975000000	30	14
1976000000	193	201
1977000000	183	233
1978000000	0	0
1979000000	141	176
1980000000	387	305
1981000000	1	0
1982000000	86	106
1983000000	35	47
1984000000	0	0
1985000000	102	106
1986000000	11	14
1987000000	2	6
1988000000	2	3
1989000000	30	31
1990000000	151	94
1991000000	177	170
1992000000	169	145
1993000000	151	162
1994000000	148	206
1995000000	254	157
1996000000	98	67
1997000000	0	0
1998000000	137	143
1999000000	2	3
2000000000	13	0
2001000000	98	63
2002000000	3	9
2003000000	0	0
2004000000	0	0
2005000000	13	12
2006000000	38	37
2007000000	0	0
2008000000	0	0
2009000000	1	3
2010000000	5	7
2011000000	0	0
2012000000	14	12
2013000000	7	2
2014000000	72	62
2015000000	3	2
2016000000	25	19
2017000000	7	9
2018000000	79	79
2019000000	126	96
2020000000	15	6
2021000000	14	26
2022000000	0	0
2023000000	23	20
2024000000	1	1
2025000000	77	66
2026000000	39	22
2027000000	71	86
2028000000	1	2
2029000000	0	0
2030000000	11	16
2031000000	4	5
2032000000	8	18
2033000000	16	18
2034000000	40	39
2035000000	0	0
2036000000	0	0
2037000000	24	17
2038000000	55	57
2039000000	12	1
2040000000	71	78
2041000000	36	23
2042000000	0	1
2043000000	21	28
2044000000	3	2
2045000000	39	27
2046000000	0	0
2047000000	5	11
2048000000	52	73
2049000000	180	186
2050000000	337	296
2051000000	72	117
2052000000	95	90
2053000000	128	202
2054000000	311	313
2055000000	334	348
2056000000	2	0
2057000000	14	22
2058000000	77	58
2059000000	31	30
2060000000	34	31
2061000000	129	115
2062000000	0	1
2063000000	16	19
2064000000	3	0
2065000000	81	68
2066000000	13	8
2067000000	0	0
2068000000	6	13
2069000000	0	0
2070000000	0	0
2071000000	15	17
2072000000	11	9
2073000000	0	0
2074000000	25	22
2075000000	11	23
2076000000	140	190
2077000000	348	316
2078000000	3	2
2079000000	80	87
2080000000	97	154
2081000000	5	12
2082000000	10	20
2083000000	25	22
2084000000	47	56
2085000000	11	8
2086000000	33	39
2087000000	32	46
2088000000	0	0
2089000000	6	17
2090000000	203	250
2091000000	18	22
2092000000	47	59
2093000000	24	42
2094000000	0	0
2095000000	11	16
2096000000	214	144
2097000000	176	112
2098000000	30	13
2099000000	1	5
2100000000	9	8
2101000000	0	0
2102000000	0	0
2103000000	146	187
2104000000	10	5
2105000000	49	40
2106000000	44	36
2107000000	100	78
2108000000	58	92
2109000000	14	7
2110000000	21	42
2111000000	44	52
2112000000	126	145
2113000000	171	200
2114000000	106	96
2115000000	15	11
2116000000	29	34
2117000000	14	13
2118000000	22	22
2119000000	3	10
2120000000	9	8
2121000000	25	29
2122000000	19	22
2123000000	0	0
2124000000	45	42
2125000000	70	83
2126000000	94	125
2127000000	30	10
2128000000	31	44
2129000000	17	13
2130000000	16	9
2131000000	81	105
2132000000	39	50
2133000000	63	79
2134000000	199	186
2135000000	168	208
2136000000	534	592
2137000000	22	20
2138000000	55	47
2139000000	43	17
2140000000	33	28
2141000000	33	52
2142000000	21	38
2143000000	40	24
2144000000	51	64
2145000000	24	14
2146000000	16	21
2147000000	205	158
2148000000	34	41
2149000000	8	8
2150000000	73	40
2151000000	72	57
2152000000	18	5
2153000000	51	39
2154000000	91	53
2155000000	188	114
2156000000	98	36
2157000000	0	0
2158000000	103	42
2159000000	40	7
2160000000	204	75
2161000000	47	22
2162000000	153	51
2163000000	3	8
2164000000	196	34
2165000000	51	22
2166000000	62	45
2167000000	42	32
2168000000	402	168
2169000000	248	124
2170000000	486	208
2171000000	528	275
2172000000	51	56
2173000000	55	38
2174000000	539	410
2175000000	608	338
2176000000	577	198
2177000000	247	160
2178000000	35	34
2179000000	213	99
2180000000	257	100
2181000000	68	69
2182000000	73	95
2183000000	159	128
2184000000	88	67
2185000000	127	75
2186000000	0	0
2187000000	53	39
2188000000	52	40
2189000000	123	181
2190000000	28	28
2191000000	31	43
2192000000	51	41
2193000000	31	29
2194000000	13	9
2195000000	54	48
2196000000	236	196
2197000000	226	339
2198000000	19	71
2199000000	0	0
2200000000	98	186
2201000000	66	90
2202000000	62	94
2203000000	67	66
2204000000	24	17
2205000000	23	45
2206000000	3	12
2207000000	114	139
2208000000	130	211
2209000000	106	166
2210000000	32	72
2211000000	22	34
2212000000	19	27
2213000000	73	72
2214000000	198	153
2215000000	135	106
2216000000	99	88
2217000000	0	0
2218000000	76	77
2219000000	153	149
2220000000	38	64
2221000000	92	100
2222000000	93	133
2223000000	69	115
2224000000	49	34
2225000000	74	87
2226000000	23	20
2227000000	87	202
2228000000	38	43
2229000000	31	37
2230000000	186	309
2231000000	156	273
2232000000	115	118
2233000000	222	281
2234000000	171	142
2235000000	122	125
2236000000	202	215
2237000000	29	35
2238000000	37	54
2239000000	158	116
2240000000	77	32
2241000000	298	274
2242000000	205	267
2243000000	67	58
2244000000	23	38
2245000000	65	111
2246000000	160	187
2247000000	54	70
2248000000	0	0
2249000000	49	85
2250000000	21	26
2251000000	58	40
2252000000	47	45
2253000000	9	18
2254000000	70	76
2255000000	309	129
2256000000	147	80
2257000000	18	11
2258000000	190	186
2259000000	118	69
2260000000	239	155
2261000000	66	61
2262000000	49	32
2263000000	59	104
2264000000	86	169
2265000000	92	92
2266000000	124	144
2267000000	7	14
2268000000	15	20
2269000000	52	72
2270000000	221	198
2271000000	242	212
2272000000	130	216
2273000000	149	168
2274000000	2	14
2275000000	0	3
2276000000	4	2
2277000000	21	60
2278000000	49	50
2279000000	113	182
2280000000	28	49
2281000000	127	157
2282000000	17	15
2283000000	8	7
2284000000	23	14
2285000000	11	8
2286000000	3	8
2287000000	204	146
2288000000	203	198
2289000000	103	131
2290000000	38	31
2291000000	41	34
2292000000	141	129
2293000000	152	164
2294000000	30	31
2295000000	11	15
2296000000	25	46
2297000000	104	88
2298000000	159	158
2299000000	321	321
2300000000	132	129
2301000000	227	216
2302000000	260	282
2303000000	132	196
2304000000	205	208
2305000000	171	176
2306000000	24	27
2307000000	10	13
2308000000	0	0
2309000000	0	0
2310000000	29	17
2311000000	23	17
2312000000	3	12
2313000000	0	0
2314000000	21	26
2315000000	7	3
2316000000	0	0
2317000000	38	66
2318000000	31	19
2319000000	17	13
2320000000	6	4
2321000000	0	0
2322000000	2	1
2323000000	0	0
2324000000	20	16
2325000000	4	11
2326000000	0	0
2327000000	5	5
2328000000	0	0
2329000000	4	8
2330000000	11	15
2331000000	0	0
2332000000	4	15
2333000000	0	0
2334000000	34	43
2335000000	9	4
2336000000	3	5
2337000000	8	11
2338000000	0	2
2339000000	7	9
2340000000	90	145
2341000000	207	289
2342000000	417	428
2343000000	2	1
2344000000	9	16
2345000000	95	64
2346000000	0	0
2347000000	10	16
2348000000	5	14
2349000000	0	0
2350000000	11	21
2351000000	15	12
2352000000	135	118
2353000000	27	15
2354000000	0	0
2355000000	2	3
2356000000	131	113
2357000000	0	0
2358000000	9	6
2359000000	3	4
2360000000	0	0
2361000000	0	0
2362000000	0	0
2363000000	0	0
2364000000	35	24
2365000000	6	3
2366000000	11	19
2367000000	0	0
2368000000	0	1
2369000000	255	257
2370000000	0	0
2371000000	2	4
2372000000	6	5
2373000000	0	3
2374000000	7	7
2375000000	0	0
2376000000	0	0
2377000000	0	0
2378000000	19	29
2379000000	0	1
2380000000	6	11
2381000000	83	63
2382000000	167	178
2383000000	0	0
2384000000	0	0
2385000000	7	8
2386000000	0	1
2387000000	34	52
2388000000	0	0
2389000000	12	11
2390000000	1	1
2391000000	8	2
2392000000	129	81
2393000000	146	140
2394000000	45	34
2395000000	131	138
2396000000	194	217
2397000000	20	17
2398000000	3	28
2399000000	76	66
2400000000	0	0
2401000000	18	18
2402000000	0	0
2403000000	12	6
2404000000	4	5
2405000000	2	2
2406000000	7	4
2407000000	39	47
2408000000	89	150
2409000000	170	174
2410000000	12	5
2411000000	17	11
2412000000	50	52
2413000000	51	57
2414000000	43	36
2415000000	0	0
2416000000	18	16
2417000000	0	0
2418000000	85	71
2419000000	0	0
2420000000	6	14
2421000000	0	0
2422000000	0	0
2423000000	0	0
2424000000	1	0
2425000000	31	41
2426000000	125	120
2427000000	8	6
2428000000	3	2
2429000000	4	6
2430000000	1	1
2431000000	0	0
2432000000	12	8
2433000000	0	0
2434000000	2	5
2435000000	13	13
2436000000	70	106
2437000000	92	64
2438000000	102	134
2439000000	222	205
2440000000	0	0
2441000000	0	0
2442000000	9	14
2443000000	2	1
2444000000	2	3
2445000000	50	45
2446000000	39	32
2447000000	3	2
2448000000	0	0
2449000000	1	2
2450000000	6	8
2451000000	4	4
2452000000	15	8
2453000000	0	0
2454000000	5	5
2455000000	1	0
2456000000	0	0
2457000000	6	5
2458000000	1	0
2459000000	22	36
2460000000	40	51
2461000000	79	114
2462000000	115	140
2463000000	8	7
2464000000	0	0
2465000000	4	5
2466000000	1	4
2467000000	12	16
2468000000	6	5
2469000000	0	0
2470000000	1	3
2471000000	5	4
2472000000	0	0
2473000000	1	1
2474000000	0	0
2475000000	15	16
2476000000	5	6
2477000000	1	1
2478000000	9	20
2479000000	0	2
2480000000	10	8
2481000000	4	6
2482000000	0	0
2483000000	0	0
2484000000	11	5
2485000000	1	1
2486000000	0	0
2487000000	0	0
2488000000	16	15
2489000000	0	0
2490000000	6	2
2491000000	0	0
2492000000	0	0
2493000000	0	0
2494000000	1	4
2495000000	22	35
2496000000	5	6
2497000000	5	3
2498000000	4	3
2499000000	0	0
2500000000	0	0
2501000000	5	8
2502000000	0	0
2503000000	4	3
2504000000	1	0
2505000000	0	0
2506000000	12	24
2507000000	72	101
2508000000	170	220
2509000000	185	254
2510000000	3	3
2511000000	0	0
2512000000	7	9
2513000000	4	4
2514000000	0	0
2515000000	0	3
2516000000	3	12
2517000000	5	7
2518000000	1	8
2519000000	51	54
2520000000	10	36
2521000000	46	76
2522000000	72	127
2523000000	107	124
2524000000	184	220
2525000000	112	94
2526000000	67	91
2527000000	285	235
2528000000	0	0
2529000000	2	4
2530000000	0	0
2531000000	0	5
2532000000	0	0
2533000000	0	0
2534000000	40	59
2535000000	33	59
2536000000	39	62
2537000000	54	70
2538000000	59	74
2539000000	103	76
2540000000	88	111
2541000000	139	120
2542000000	250	243
2543000000	11	9
2544000000	1	0
2545000000	10	9
2546000000	0	0
2547000000	0	0
2548000000	4	0
2549000000	27	7
2550000000	3	10
2551000000	0	0
2552000000	4	7
2553000000	3	4
2554000000	5	4
2555000000	0	0
2556000000	7	12
2557000000	0	0
2558000000	0	0
2559000000	0	0
2560000000	0	0
2561000000	3	3
2562000000	6	0
2563000000	0	0
2564000000	0	0
2565000000	12	7
2566000000	0	0
2567000000	7	5
2568000000	2	1
2569000000	0	0
2570000000	0	0
2571000000	1	6
2572000000	4	4
2573000000	0	0
2574000000	13	5
2575000000	9	1
2576000000	0	0
2577000000	10	17
2578000000	2	1
2579000000	0	0
2580000000	3	4
2581000000	0	0
2582000000	3	6
2583000000	20	22
2584000000	4	7
2585000000	7	4
2586000000	0	3
2587000000	0	0
2588000000	0	0
2589000000	18	15
2590000000	0	0
2591000000	19	15
2592000000	0	0
2593000000	0	0
2594000000	9	11
2595000000	0	0
2596000000	4	3
2597000000	0	0
2598000000	24	51
2599000000	80	90
2600000000	247	232
2601000000	13	19
2602000000	0	0
2603000000	65	90
2604000000	63	53
2605000000	46	26
2606000000	42	62
2607000000	50	62
2608000000	33	33
2609000000	39	74
2610000000	44	92
2611000000	78	104
2612000000	49	35
2613000000	56	85
2614000000	75	109
2615000000	141	167
2616000000	152	156
2617000000	239	237
2618000000	25	52
2619000000	25	96
2620000000	22	44
2621000000	45	69
2622000000	48	103
2623000000	42	30
2624000000	56	110
2625000000	44	82
2626000000	70	120
2627000000	34	78
2628000000	43	98
2629000000	43	122
2630000000	63	87
2631000000	54	68
2632000000	72	110
2633000000	73	78
2634000000	87	162
2635000000	70	85
2636000000	57	145
2637000000	51	109
2638000000	44	100
2639000000	113	137
2640000000	107	132
2641000000	109	95
2642000000	133	167
2643000000	169	155
2644000000	134	131
2645000000	119	144
2646000000	149	218
2647000000	207	224
2648000000	210	232
2649000000	283	289
2650000000	301	319
2651000000	242	184
2652000000	271	311
2653000000	387	357
2654000000	348	351
2655000000	416	399
2656000000	520	555
2657000000	879	797
2658000000	96	151
2659000000	345	390
2660000000	53	55
2661000000	64	80
2662000000	57	88
2663000000	84	100
2664000000	92	142
2665000000	246	252
2666000000	332	265
2667000000	178	166
2668000000	93	83
2669000000	257	295
2670000000	226	249
2671000000	226	298
2672000000	204	246
2673000000	439	463
2674000000	232	209
2675000000	305	329
2676000000	238	286
2677000000	187	210
2678000000	200	213
2679000000	216	277
2680000000	133	186
2681000000	154	151
2682000000	269	296
2683000000	241	265
2684000000	144	131
2685000000	147	171
2686000000	61	47
2687000000	44	43
2688000000	0	0
2689000000	152	142
2690000000	105	62
2691000000	178	136
2692000000	96	76
2693000000	9	4
2694000000	0	0
2695000000	16	33
2696000000	31	58
2697000000	121	92
2698000000	41	45
2699000000	28	35
2700000000	7	6
2701000000	112	81
2702000000	0	0
2703000000	73	42
2704000000	184	118
2705000000	195	156
2706000000	56	91
2707000000	77	94
2708000000	15	26
2709000000	27	21
2710000000	16	16
2711000000	9	21
2712000000	3	21
2713000000	21	10
2714000000	5	5
2715000000	29	30
2716000000	31	23
2717000000	138	145
2718000000	36	59
2719000000	5	5
2720000000	56	81
2721000000	1	4
2722000000	74	78
2723000000	141	110
2724000000	13	9
2725000000	58	27
2726000000	9	11
2727000000	84	129
2728000000	40	60
2729000000	236	305
2730000000	213	163
2731000000	21	29
2732000000	50	38
2733000000	99	85
2734000000	2	21
2735000000	149	127
2736000000	158	100
2737000000	58	47
2738000000	62	42
2739000000	117	101
2740000000	0	0
2741000000	55	69
2742000000	126	187
2743000000	4	5
2744000000	12	17
2745000000	2	9
2746000000	14	23
2747000000	26	36
2748000000	15	11
2749000000	12	15
2750000000	32	43
2751000000	116	224
2752000000	49	66
2753000000	29	19
2754000000	91	40
2755000000	42	38
2756000000	40	16
2757000000	197	104
2758000000	80	133
2759000000	157	78
2760000000	130	131
2761000000	25	15
2762000000	44	67
2763000000	241	241
2764000000	0	0
2765000000	0	0
2766000000	0	0
2767000000	0	0
2768000000	158	214
2769000000	30	77
2770000000	1	9
2771000000	53	62
2772000000	183	260
2773000000	180	156
2774000000	88	47
2775000000	134	151
2776000000	36	37
2777000000	41	33
2778000000	83	161
2779000000	47	66
2780000000	171	140
2781000000	92	90
2782000000	40	41
2783000000	23	19
2784000000	38	20
2785000000	108	107
2786000000	75	85
2787000000	167	70
2788000000	311	242
2789000000	258	244
2790000000	138	141
2791000000	13	12
2792000000	33	31
2793000000	132	96
2794000000	106	81
2795000000	65	120
2796000000	24	57
2797000000	11	15
2798000000	218	205
2799000000	233	227
2800000000	20	16
2801000000	122	109
2802000000	253	148
2803000000	53	49
2804000000	48	96
2805000000	29	47
2806000000	38	53
2807000000	33	45
2808000000	127	113
2809000000	156	268
2810000000	191	282
2811000000	87	103
2812000000	13	20
2813000000	2	4
2814000000	0	0
2815000000	3	7
2816000000	105	126
2817000000	141	187
2818000000	99	101
2819000000	208	219
2820000000	95	149
2821000000	471	602
2822000000	140	233
2823000000	38	28
2824000000	413	351
2825000000	285	470
2826000000	296	408
2827000000	95	158
2828000000	23	51
2829000000	39	34
2830000000	11	27
2831000000	41	43
2832000000	268	142
2833000000	30	44
2834000000	32	33
2835000000	8	13
2836000000	29	34
2837000000	69	42
2838000000	47	51
2839000000	75	44
2840000000	36	34
2841000000	185	122
2842000000	38	34
2843000000	41	31
2844000000	187	263
2845000000	73	125
2846000000	25	14
2847000000	20	47
2848000000	11	16
2849000000	93	60
2850000000	277	464
2851000000	81	112
2852000000	94	131
2853000000	162	173
2854000000	206	237
2855000000	0	0
2856000000	17	33
2857000000	189	191
2858000000	2	8
2859000000	12	13
2860000000	8	2
2861000000	39	46
2862000000	41	49
2863000000	0	0
2864000000	47	38
2865000000	10	12
2866000000	105	94
2867000000	18	14
2868000000	113	100
2869000000	151	142
2870000000	149	147
2871000000	5	4
2872000000	3	5
2873000000	6	10
2874000000	14	16
2875000000	87	57
2876000000	8	12
2877000000	39	40
2878000000	104	114
2879000000	12	31
2880000000	7	3
2881000000	33	50
2882000000	72	77
2883000000	207	218
2884000000	144	107
2885000000	0	0
2886000000	25	29
2887000000	68	65
2888000000	58	73
2889000000	5	6
2890000000	25	16
2891000000	108	97
2892000000	56	48
2893000000	0	0
2894000000	15	8
2895000000	0	0
2896000000	1	9
2897000000	37	30
2898000000	3	3
2899000000	15	24
2900000000	12	6
2901000000	8	16
2902000000	6	5
2903000000	25	37
2904000000	32	34
2905000000	82	84
2906000000	101	120
2907000000	191	184
2908000000	152	165
2909000000	124	67
2910000000	115	81
2911000000	0	0
2912000000	148	167
2913000000	140	179
2914000000	88	114
2915000000	0	0
2916000000	23	59
2917000000	9	18
2918000000	10	9
2919000000	1	8
2920000000	0	0
2921000000	7	3
2922000000	3	4
2923000000	73	70
2924000000	63	109
2925000000	4	3
2926000000	0	0
2927000000	11	10
2928000000	118	123
2929000000	26	39
2930000000	0	0
2931000000	34	43
2932000000	17	42
2933000000	0	14
2934000000	161	134
2935000000	140	132
2936000000	50	97
2937000000	9	9
2938000000	174	164
2939000000	135	88
2940000000	0	3
2941000000	6	4
2942000000	130	156
2943000000	57	32
2944000000	0	0
2945000000	68	38
2946000000	0	0
2947000000	8	5
2948000000	8	6
2949000000	38	44
2950000000	14	15
2951000000	6	9
2952000000	21	28
2953000000	87	68
2954000000	16	11
2955000000	3	1
2956000000	16	23
2957000000	0	0
2958000000	1	1
2959000000	41	38
2960000000	5	2
2961000000	16	95
2962000000	107	180
2963000000	192	237
2964000000	258	262
2965000000	614	566
2966000000	85	67
2967000000	0	1
2968000000	14	18
2969000000	0	0
2970000000	0	0
2971000000	6	2
2972000000	0	0
2973000000	0	0
2974000000	45	47
2975000000	149	132
2976000000	0	0
2977000000	0	0
2978000000	10	8
2979000000	129	76
2980000000	118	88
2981000000	98	70
2982000000	266	238
2983000000	171	180
2984000000	22	19
2985000000	12	5
2986000000	114	105
2987000000	11	28
2988000000	4	2
2989000000	8	1
2990000000	9	25
2991000000	2	1
2992000000	14	30
2993000000	93	94
2994000000	4	23
2995000000	38	59
2996000000	5	6
2997000000	22	23
2998000000	14	6
2999000000	0	3
3000000000	3	1
3001000000	5	7
3002000000	0	0
3003000000	117	126
3004000000	1	4
3005000000	16	22
3006000000	65	99
3007000000	0	0
3008000000	0	0
3009000000	19	26
3010000000	9	14
3011000000	0	0
3012000000	0	0
3013000000	6	7
3014000000	0	0
3015000000	0	0
3016000000	7	9
3017000000	0	0
3018000000	42	60
3019000000	60	95
3020000000	115	108
3021000000	0	0
3022000000	29	58
3023000000	2	2
3024000000	0	0
3025000000	12	3
3026000000	13	5
3027000000	0	0
3028000000	20	18
3029000000	5	3
3030000000	0	0
3031000000	4	4
3032000000	4	2
3033000000	0	2
3034000000	4	1
3035000000	0	0
3036000000	10	12
3037000000	30	16
3038000000	2	2
3039000000	1	2
3040000000	5	3
3041000000	1	0
3042000000	0	0
3043000000	10	15
3044000000	33	72
3045000000	73	110
3046000000	148	184
3047000000	288	359
3048000000	10	10
3049000000	0	0
3050000000	25	21
3051000000	1	4
3052000000	6	14
3053000000	185	197
3054000000	4	1
3055000000	83	64
3056000000	26	9
3057000000	0	2
3058000000	77	57
3059000000	0	0
3060000000	210	208
3061000000	7	4
3062000000	0	0
3063000000	75	126
3064000000	507	404
3065000000	400	309
3066000000	35	38
3067000000	26	12
3068000000	54	13
3069000000	40	34
3070000000	64	34
3071000000	30	37
3072000000	38	43
3073000000	56	58
3074000000	55	50
3075000000	44	47
3076000000	77	42
3077000000	72	58
3078000000	66	78
3079000000	48	45
3080000000	62	67
3081000000	88	86
3082000000	76	69
3083000000	92	84
3084000000	77	58
3085000000	97	127
3086000000	107	92
3087000000	111	117
3088000000	132	108
3089000000	132	105
3090000000	99	106
3091000000	142	176
3092000000	183	170
3093000000	198	205
3094000000	185	147
3095000000	271	268
3096000000	173	191
3097000000	267	264
3098000000	289	237
3099000000	311	268
3100000000	290	220
3101000000	298	304
3102000000	419	333
3103000000	501	416
3104000000	551	537
3105000000	115	109
3106000000	343	286
3107000000	88	149
3108000000	73	60
3109000000	99	39
3110000000	107	83
3111000000	112	84
3112000000	144	147
3113000000	170	107
3114000000	122	102
3115000000	1	0
3116000000	0	0
3117000000	8	8
3118000000	5	0
3119000000	2	4
3120000000	4	1
3121000000	8	3
3122000000	37	34
3123000000	38	67
3124000000	35	6
3125000000	69	19
3126000000	49	18
3127000000	53	38
3128000000	99	39
3129000000	56	43
3130000000	63	47
3131000000	91	47
3132000000	73	29
3133000000	83	62
3134000000	85	69
3135000000	49	9
3136000000	74	55
3137000000	107	138
3138000000	70	64
3139000000	106	91
3140000000	104	77
3141000000	82	35
3142000000	132	134
3143000000	98	112
3144000000	129	96
3145000000	239	179
3146000000	422	381
3147000000	120	101
3148000000	35	63
3149000000	32	73
3150000000	80	111
3151000000	128	152
3152000000	269	306
3153000000	421	360
3154000000	514	545
3155000000	708	634
3156000000	995	935
3157000000	382	337
3158000000	122	101
3159000000	285	231
3160000000	99	78
3161000000	0	0
3162000000	15	10
3163000000	1	0
3164000000	0	0
3165000000	12	5
3166000000	0	0
3167000000	0	3
3168000000	10	6
3169000000	8	7
3170000000	0	0
3171000000	0	0
3172000000	0	0
3173000000	5	2
3174000000	0	0
3175000000	0	0
3176000000	21	8
3177000000	0	0
3178000000	13	7
3179000000	0	0
3180000000	7	2
3181000000	4	3
3182000000	15	14
3183000000	0	3
3184000000	7	2
3185000000	0	0
3186000000	7	6
3187000000	37	67
3188000000	246	210
3189000000	6	10
3190000000	0	0
3191000000	0	0
3192000000	12	11
3193000000	0	0
3194000000	0	0
3195000000	26	23
3196000000	0	0
3197000000	10	17
3198000000	0	0
3199000000	17	17
3200000000	0	0
3201000000	0	0
3202000000	8	0
3203000000	0	0
3204000000	0	0
3205000000	5	1
3206000000	119	109
3207000000	111	90
3208000000	0	0
3209000000	130	86
3210000000	12	13
3211000000	0	0
3212000000	0	0
3213000000	128	152
3214000000	0	0
3215000000	0	0
3216000000	0	0
3217000000	8	0
3218000000	58	63
3219000000	18	8
3220000000	0	0
3221000000	64	37
3222000000	25	24
3223000000	47	36
3224000000	75	72
3225000000	0	0
3226000000	4	8
3227000000	6	8
3228000000	3	1
3229000000	60	49
3230000000	44	70
3231000000	0	0
3232000000	131	127
3233000000	16	17
3234000000	8	12
3235000000	0	0
3236000000	109	129
3237000000	1	3
3238000000	0	0
3239000000	0	0
3240000000	128	126
3241000000	234	209
3242000000	156	154
3243000000	21	46
3244000000	165	169
3245000000	1	0
3246000000	0	0
3247000000	13	27
3248000000	26	28
3249000000	3	5
3250000000	103	83
3251000000	3	9
3252000000	12	9
3253000000	0	0
3254000000	44	33
3255000000	0	0
3256000000	7	9
3257000000	0	0
3258000000	21	18
3259000000	56	28
3260000000	1	6
3261000000	0	0
3262000000	0	0
3263000000	13	2
3264000000	25	8
3265000000	0	0
3266000000	10	23
3267000000	5	5
3268000000	1	6
3269000000	7	9
3270000000	134	107
3271000000	79	69
3272000000	71	55
3273000000	165	115
3274000000	75	71
3275000000	186	172
3276000000	91	157
3277000000	16	22
3278000000	0	5
3279000000	45	44
3280000000	0	0
3281000000	166	208
3282000000	0	0
3283000000	53	65
3284000000	25	11
3285000000	30	26
3286000000	86	97
3287000000	254	252
3288000000	78	138
3289000000	264	293
3290000000	322	297
3291000000	94	65
3292000000	60	59
3293000000	0	0
3294000000	100	117
3295000000	5	18
3296000000	10	0
3297000000	3	2
3298000000	93	47
3299000000	45	55
3300000000	7	13
3301000000	7	9
3302000000	4	6
3303000000	4	7
3304000000	187	169
3305000000	90	72
3306000000	3	6
3307000000	0	0
3308000000	19	18
3309000000	0	0
3310000000	18	33
3311000000	84	89
3312000000	6	6
3313000000	0	0
3314000000	5	4
3315000000	16	21
3316000000	119	120
3317000000	86	100
3318000000	50	49
3319000000	87	104
3320000000	5	6
3321000000	0	0
3322000000	0	0
3323000000	1	5
3324000000	58	59
3325000000	3	5
3326000000	22	24
3327000000	43	60
3328000000	122	119
3329000000	0	6
3330000000	59	47
3331000000	30	26
3332000000	19	7
3333000000	0	0
3334000000	45	31
3335000000	108	110
3336000000	44	56
3337000000	28	30
3338000000	18	12
3339000000	17	25
3340000000	9	4
3341000000	56	58
3342000000	96	135
3343000000	0	0
3344000000	25	14
3345000000	0	1
3346000000	18	30
3347000000	5	0
3348000000	32	14
3349000000	25	66
3350000000	114	151
3351000000	21	36
3352000000	227	165
3353000000	92	57
3354000000	9	16
3355000000	81	54
3356000000	103	157
3357000000	157	208
3358000000	73	91
3359000000	16	9
3360000000	16	28
3361000000	53	38
3362000000	28	62
3363000000	24	31
3364000000	18	40
3365000000	14	16
3366000000	18	36
3367000000	11	8
3368000000	0	0
3369000000	36	35
3370000000	2	2
3371000000	9	12
3372000000	29	44
3373000000	83	144
3374000000	161	219
3375000000	107	182
3376000000	34	61
3377000000	120	112
3378000000	80	140
3379000000	130	207
3380000000	12	10
3381000000	136	157
3382000000	44	67
3383000000	67	106
3384000000	37	45
3385000000	44	118
3386000000	147	220
3387000000	264	179
3388000000	27	22
3389000000	39	54
3390000000	9	11
3391000000	36	61
3392000000	43	37
3393000000	43	72
3394000000	15	19
3395000000	48	72
3396000000	52	57
3397000000	17	13
3398000000	28	18
3399000000	104	162
3400000000	220	331
3401000000	346	405
3402000000	94	113
3403000000	78	159
3404000000	55	54
3405000000	59	126
3406000000	144	231
3407000000	54	111
3408000000	18	29
3409000000	94	259
3410000000	21	7
3411000000	98	151
3412000000	55	80
3413000000	110	85
3414000000	8	3
3415000000	148	103
3416000000	305	195
3417000000	14	58
3418000000	20	4
3419000000	89	373
3420000000	245	588
3421000000	20	24
3422000000	69	204
3423000000	48	73
3424000000	191	156
3425000000	264	188
3426000000	466	307
3427000000	125	129
3428000000	266	153
3429000000	84	58
3430000000	88	140
3431000000	38	40
3432000000	255	323
3433000000	230	336
3434000000	98	182
3435000000	250	315
3436000000	139	148
3437000000	95	215
3438000000	76	80
3439000000	0	0
3440000000	263	156
3441000000	6	5
3442000000	9	7
3443000000	9	1
3444000000	38	54
3445000000	277	353
3446000000	75	66
3447000000	73	48
3448000000	41	33
3449000000	0	0
3450000000	15	12
3451000000	6	1
3452000000	11	2
3453000000	20	11
3454000000	43	42
3455000000	18	2
3456000000	141	89
3457000000	35	37
3458000000	119	112
3459000000	35	28
3460000000	26	21
3461000000	11	8
3462000000	0	0
3463000000	42	46
3464000000	53	75
3465000000	223	347
3466000000	1	8
3467000000	18	31
3468000000	54	94
3469000000	46	69
3470000000	28	40
3471000000	108	152
3472000000	1	2
3473000000	0	0
3474000000	5	9
3475000000	50	66
3476000000	0	0
3477000000	81	78
3478000000	36	32
3479000000	76	81
3480000000	93	74
3481000000	0	0
3482000000	20	19
3483000000	1	0
3484000000	3	8
3485000000	0	0
3486000000	0	0
3487000000	45	81
3488000000	3	14
3489000000	145	214
3490000000	63	56
3491000000	107	109
3492000000	38	28
3493000000	95	149
3494000000	14	5
3495000000	17	11
3496000000	105	105
3497000000	28	18
3498000000	172	178
3499000000	0	0
3500000000	149	148
3501000000	78	77
3502000000	46	38
3503000000	0	0
3504000000	83	85
3505000000	286	314
3506000000	59	64
3507000000	127	130
3508000000	94	130
3509000000	38	40
3510000000	0	0
3511000000	2	2
3512000000	1	2
3513000000	13	4
3514000000	0	0
3515000000	15	5
3516000000	77	82
3517000000	6	6
3518000000	13	9
3519000000	11	28
3520000000	0	0
3521000000	0	0
3522000000	18	16
3523000000	10	20
3524000000	135	155
3525000000	48	55
3526000000	26	30
3527000000	6	7
3528000000	1	0
3529000000	53	64
3530000000	0	0
3531000000	7	3
3532000000	105	161
3533000000	104	101
3534000000	62	110
3535000000	3	5
3536000000	2	7
3537000000	11	15
3538000000	20	15
3539000000	2	1
3540000000	3	1
3541000000	0	0
3542000000	12	25
3543000000	3	6
3544000000	2	2
3545000000	0	0
3546000000	12	8
3547000000	0	0
3548000000	0	0
3549000000	6	2
3550000000	0	1
3551000000	0	1
3552000000	7	8
3553000000	41	78
3554000000	15	22
3555000000	4	1
3556000000	0	1
3557000000	9	4
3558000000	5	2
3559000000	3	5
3560000000	113	80
3561000000	21	17
3562000000	0	0
3563000000	22	23
3564000000	6	3
3565000000	13	14
3566000000	16	20
3567000000	0	1
3568000000	0	0
3569000000	45	63
3570000000	2	2
3571000000	4	1
3572000000	4	1
3573000000	13	14
3574000000	5	2
3575000000	0	0
3576000000	0	0
3577000000	38	27
3578000000	3	11
3579000000	7	8
3580000000	8	2
3581000000	2	7
3582000000	2	3
3583000000	0	0
3584000000	16	12
3585000000	0	0
3586000000	5	1
3587000000	0	0
3588000000	13	9
3589000000	0	0
3590000000	9	6
3591000000	0	0
3592000000	13	6
3593000000	0	0
3594000000	0	0
3595000000	47	64
3596000000	11	7
3597000000	0	0
3598000000	0	0
3599000000	0	0
3600000000	12	1
3601000000	0	0
3602000000	6	1
3603000000	0	0
3604000000	15	14
3605000000	0	0
3606000000	3	1
3607000000	0	0
3608000000	0	0
3609000000	0	0
3610000000	0	1
3611000000	0	0
3612000000	12	9
3613000000	5	6
3614000000	4	8
3615000000	9	16
3616000000	3	1
3617000000	0	0
3618000000	0	0
3619000000	13	10
3620000000	0	3
3621000000	2	4
3622000000	0	0
3623000000	1	10
3624000000	0	0
3625000000	14	16
3626000000	5	5
3627000000	0	0
3628000000	20	12
3629000000	0	0
3630000000	6	9
3631000000	3	0
3632000000	0	0
3633000000	2	5
3634000000	0	0
3635000000	0	0
3636000000	5	1
3637000000	0	3
3638000000	2	7
3639000000	0	0
3640000000	3	1
3641000000	11	14
3642000000	6	4
3643000000	1	1
3644000000	7	11
3645000000	2	1
3646000000	0	0
3647000000	18	10
3648000000	0	0
3649000000	3	3
3650000000	45	55
3651000000	24	32
3652000000	4	3
3653000000	0	0
3654000000	4	0
3655000000	1	5
3656000000	4	4
3657000000	77	94
3658000000	10	10
3659000000	0	0
3660000000	77	57
3661000000	8	11
3662000000	1	1
3663000000	0	0
3664000000	49	51
3665000000	1	3
3666000000	0	2
3667000000	0	0
3668000000	2	1
3669000000	0	0
3670000000	12	12
3671000000	11	8
3672000000	0	0
3673000000	2	8
3674000000	27	28
3675000000	0	0
3676000000	8	4
3677000000	4	4
3678000000	8	12
3679000000	0	0
3680000000	0	0
3681000000	0	0
3682000000	4	6
3683000000	151	165
3684000000	13	7
3685000000	22	15
3686000000	24	31
3687000000	0	0
3688000000	0	0
3689000000	14	7
3690000000	4	10
3691000000	6	5
3692000000	9	4
3693000000	0	0
3694000000	15	14
3695000000	0	0
3696000000	0	0
3697000000	0	0
3698000000	3	8
3699000000	8	5
3700000000	0	0
3701000000	8	5
3702000000	17	14
3703000000	2	5
3704000000	0	0
3705000000	17	20
3706000000	8	4
3707000000	0	0
3708000000	3	3
3709000000	0	0
3710000000	80	101
3711000000	16	18
3712000000	4	10
3713000000	4	3
3714000000	0	1
3715000000	7	9
3716000000	1	3
3717000000	0	0
3718000000	1	1
3719000000	111	103
3720000000	3	3
3721000000	3	2
3722000000	0	0
3723000000	23	25
3724000000	182	167
3725000000	5	6
3726000000	37	48
3727000000	219	216
3728000000	8	2
3729000000	0	0
3730000000	11	5
3731000000	0	0
3732000000	1	2
3733000000	0	0
3734000000	1	4
3735000000	3	3
3736000000	0	2
3737000000	0	0
3738000000	0	0
3739000000	6	14
3740000000	0	0
3741000000	5	6
3742000000	7	7
3743000000	0	0
3744000000	1	3
3745000000	29	35
3746000000	0	0
3747000000	0	0
3748000000	8	14
3749000000	3	3
3750000000	0	0
3751000000	0	0
3752000000	14	9
3753000000	10	7
3754000000	4	0
3755000000	1	1
3756000000	8	9
3757000000	8	5
3758000000	0	0
3759000000	0	2
3760000000	0	0
3761000000	0	0
3762000000	0	0
3763000000	0	0
3764000000	34	10
3765000000	0	0
3766000000	8	13
3767000000	0	0
3768000000	12	3
3769000000	0	0
3770000000	3	8
3771000000	0	0
3772000000	2	0
3773000000	2	7
3774000000	0	0
3775000000	22	7
3776000000	70	96
3777000000	2	0
3778000000	6	4
3779000000	0	1
3780000000	5	9
3781000000	0	0
3782000000	2	0
3783000000	12	15
3784000000	198	222
3785000000	45	53
3786000000	5	7
3787000000	2	3
3788000000	9	0
3789000000	0	0
3790000000	142	140
3791000000	96	88
3792000000	75	87
3793000000	21	12
3794000000	0	0
3795000000	0	0
3796000000	6	2
3797000000	23	20
3798000000	3	0
3799000000	3	5
3800000000	22	19
3801000000	150	199
3802000000	12	34
3803000000	0	0
3804000000	14	10
3805000000	288	318
3806000000	115	157
3807000000	234	231
3808000000	57	87
3809000000	216	190
3810000000	0	0
3811000000	0	0
3812000000	12	28
3813000000	0	0
3814000000	0	0
3815000000	80	79
3816000000	2	0
3817000000	14	3
3818000000	0	0
3819000000	26	21
3820000000	0	0
3821000000	0	0
3822000000	2	1
3823000000	0	0
3824000000	1	3
3825000000	4	7
3826000000	55	37
3827000000	73	47
3828000000	193	151
3829000000	193	244
3830000000	321	450
3831000000	696	624
3832000000	51	43
3833000000	53	65
3834000000	3	2
3835000000	59	38
3836000000	72	78
3837000000	91	97
3838000000	203	179
3839000000	358	367
3840000000	198	221
3841000000	216	176
3842000000	49	76
3843000000	146	128
3844000000	148	170
3845000000	80	68
3846000000	51	41
3847000000	41	50
3848000000	77	33
3849000000	103	105
3850000000	162	209
3851000000	242	257
3852000000	127	171
3853000000	12	33
3854000000	43	80
3855000000	30	77
3856000000	34	33
3857000000	48	75
3858000000	63	97
3859000000	72	86
3860000000	57	78
3861000000	62	117
3862000000	63	119
3863000000	91	152
3864000000	62	119
3865000000	64	168
3866000000	123	152
3867000000	124	156
3868000000	152	189
3869000000	138	224
3870000000	184	231
3871000000	202	238
3872000000	247	208
3873000000	195	223
3874000000	311	325
3875000000	286	270
3876000000	284	276
3877000000	275	279
3878000000	270	282
3879000000	312	336
3880000000	405	395
3881000000	423	330
3882000000	536	449
3883000000	566	493
3884000000	858	742
3885000000	343	282
3886000000	42	36
3887000000	81	32
3888000000	87	85
3889000000	80	73
3890000000	90	58
3891000000	108	90
3892000000	138	165
3893000000	147	172
3894000000	71	108
3895000000	137	195
3896000000	539	560
3897000000	188	182
3898000000	35	37
3899000000	64	75
3900000000	56	27
3901000000	58	61
3902000000	79	27
3903000000	87	42
3904000000	79	77
3905000000	62	48
3906000000	97	102
3907000000	154	118
3908000000	155	168
3909000000	155	155
3910000000	68	29
3911000000	38	34
3912000000	44	44
3913000000	48	22
3914000000	51	70
3915000000	65	51
3916000000	45	34
3917000000	58	42
3918000000	76	56
3919000000	123	82
3920000000	99	73
3921000000	127	156
3922000000	200	184
3923000000	231	219
3924000000	159	142
3925000000	36	12
3926000000	74	82
3927000000	39	15
3928000000	86	56
3929000000	53	28
3930000000	69	107
3931000000	66	61
3932000000	76	77
3933000000	65	48
3934000000	196	209
3935000000	200	185
3936000000	194	210
3937000000	50	27
3938000000	39	47
3939000000	57	75
3940000000	91	98
3941000000	90	82
3942000000	204	110
3943000000	197	156
3944000000	190	164
3945000000	115	100
3946000000	75	85
3947000000	156	140
3948000000	34	44
3949000000	79	102
3950000000	106	171
3951000000	312	286
3952000000	98	55
3953000000	138	157
3954000000	91	87
3955000000	80	106
3956000000	316	276
3957000000	202	248
3958000000	143	119
3959000000	250	244
3960000000	57	75
3961000000	186	237
3962000000	245	202
3963000000	468	319
3964000000	228	182
3965000000	315	200
3966000000	363	258
3967000000	335	301
3968000000	306	249
3969000000	385	279
3970000000	284	200
3971000000	202	152
3972000000	248	196
3973000000	94	77
3974000000	172	139
3975000000	229	268
3976000000	278	240
3977000000	167	105
3978000000	309	418
3979000000	190	186
3980000000	15	8
3981000000	36	41
3982000000	6	10
3983000000	34	54
3984000000	24	53
3985000000	0	0
3986000000	53	66
3987000000	8	11
3988000000	13	12
3989000000	29	19
3990000000	0	0
3991000000	1	4
3992000000	21	52
3993000000	91	146
3994000000	11	6
3995000000	26	59
3996000000	75	111
3997000000	177	293
3998000000	188	221
3999000000	194	123
4000000000	77	51
4001000000	22	14
4002000000	138	235
4003000000	235	192
4004000000	31	20
4005000000	51	70
4006000000	164	265
4007000000	260	342
4008000000	127	140
4009000000	11	18
4010000000	189	181
4011000000	47	50
4012000000	126	153
4013000000	42	10
4014000000	5	0
4015000000	9	3
4016000000	72	52
4017000000	79	83
4018000000	163	93
4019000000	163	170
4020000000	166	182
4021000000	52	35
4022000000	9	12
4023000000	82	78
4024000000	120	95
4025000000	17	24
4026000000	140	155
4027000000	204	267
4028000000	93	80
4029000000	112	127
4030000000	180	129
4031000000	192	133
4032000000	78	112
4033000000	60	78
4034000000	199	272
4035000000	26	10
4036000000	112	113
4037000000	71	63
4038000000	132	105
4039000000	155	176
4040000000	44	57
4041000000	288	446
4042000000	268	322
4043000000	168	151
4044000000	14	14
4045000000	16	7
4046000000	6	8
