position	numhm	numht
1000000	20	112
2000000	12	202
3000000	37	184
4000000	46	272
5000000	43	190
6000000	24	297
7000000	44	258
8000000	44	350
9000000	43	254
10000000	49	272
11000000	43	222
12000000	75	372
13000000	129	623
14000000	81	930
15000000	24137	1143
16000000	824	1466
17000000	119	1034
18000000	36	295
19000000	21	295
20000000	18	147
21000000	25	154
22000000	13	130
23000000	19	146
24000000	16	108
25000000	17	95
26000000	10	49
27000000	15	63
28000000	13	71
29000000	4	51
30000000	13	73
31000000	177	991
32000000	54	330
33000000	78	697
34000000	199	1671
35000000	1366	2406
36000000	119	1461
37000000	100	801
38000000	67	378
39000000	76	232
40000000	66	473
41000000	49	269
42000000	27	213
43000000	24	178
44000000	34	175
45000000	29	168
46000000	21	162
47000000	34	152
48000000	11	109
49000000	23	202
50000000	27	164
51000000	28	182
52000000	30	139
53000000	26	160
54000000	15	151
55000000	17	151
56000000	23	188
57000000	14	131
58000000	30	145
59000000	22	138
60000000	52	266
61000000	30	268
62000000	62	530
63000000	50	1051
64000000	2492	2596
65000000	892	1954
66000000	172	1250
67000000	73	405
68000000	50	340
69000000	32	208
70000000	28	228
71000000	26	247
72000000	35	187
73000000	49	295
74000000	97	338
75000000	34	363
76000000	81	929
77000000	685	1985
78000000	1026	2074
79000000	46	1005
80000000	48	355
81000000	34	321
82000000	53	292
83000000	42	261
84000000	44	335
85000000	46	264
86000000	22	278
87000000	30	257
88000000	35	204
89000000	31	202
90000000	21	195
91000000	35	202
92000000	32	232
93000000	29	286
94000000	38	252
95000000	32	232
96000000	39	220
97000000	30	255
98000000	47	362
99000000	23	253
100000000	36	295
101000000	47	239
102000000	27	273
103000000	56	787
104000000	2328	3138
105000000	907	2804
106000000	3588	827
107000000	40	249
108000000	35	279
109000000	42	355
110000000	66	437
111000000	65	383
112000000	48	288
113000000	20	141
114000000	26	213
115000000	30	230
116000000	42	175
117000000	49	228
118000000	43	253
119000000	50	285
120000000	54	441
