"fragment"	"length"	"numhm"	"numht"	"varpercent"	"hmpercent"	"file"
"seq_id_8210"	13498	8	1	2.56410256410256	24.330900243309	"genome_1"
"seq_id_8072"	129276	145	9	0.778557753669432	6.94760820045558	"genome_10"
"seq_id_7806"	87075	79	4	0.540326831839747	4.59126539753639	"genome_100"
"seq_id_7901"	70582	48	4	1.64021164021164	15.5193992490613	"genome_101"
"seq_id_7649"	20670	10	1	2.49242632883503	21.9393939393939	"genome_102"
"seq_id_8196"	7301	3	0	2.14248838409912	20.8542713567839	"genome_103"
"seq_id_7952"	67152	50	1	0.155159038013964	1.39211136890951	"genome_104"
"seq_id_7453"	5910	4	0	1.75131348511384	16.1090458488228	"genome_105"
"seq_id_8081"	25827	16	1	1.3283466597885	13.154533844189	"genome_106"
"seq_id_8058"	8941	10	0	0.392054364871929	3.74531835205992	"genome_107"
"seq_id_7874"	18400	11	1	2.39591516103692	20.0878155872667	"genome_108"
"seq_id_7775"	91682	79	4	0.802103879026956	7.54950495049505	"genome_109"
"seq_id_8040"	6951	5	0	1.03267973856209	9.1118800461361	"genome_11"
"seq_id_8041"	19121	13	0	0.261780104712042	2.51256281407035	"genome_110"
"seq_id_7751"	9381	3	1	8.7478783130957	77.8164924506388	"genome_111"
"seq_id_7864"	49468	34	4	2.17447916666667	19.6702002355713	"genome_112"
"seq_id_8225"	7857	4	0	1.63575476558475	14.8191365227538	"genome_113"
"seq_id_8104"	9804	6	0	1.03079500064425	9.32400932400932	"genome_114"
"seq_id_7918"	88439	65	4	0.825688073394495	7.80669144981413	"genome_115"
"seq_id_7908"	5868	4	0	1.76478335308837	16.729088639201	"genome_116"
"seq_id_7728"	30742	15	1	1.48631029986962	12.9988597491448	"genome_117"
"seq_id_8365"	81475	87	5	0.888011840157869	8.03571428571429	"genome_118"
"seq_id_7926"	667	1	0	6.69311492193499	59.0293453724605	"genome_119"
"seq_id_7805"	13006	13	0	0.334313987697245	3.25520833333333	"genome_12"
"seq_id_7941"	242647	256	21	1.05403602401601	9.85037406483791	"genome_120"
"seq_id_8000"	11398	11	0	0.326754672591818	3.00480769230769	"genome_121"
"seq_id_8162"	7491	6	0	0.868100544182431	8.40652446675031	"genome_122"
"seq_id_7742"	118978	133	5	0.381378221988427	3.4688995215311	"genome_123"
"seq_id_8114"	12940	6	1	4.36905679773837	38.6363636363636	"genome_124"
"seq_id_8122"	13384	13	0	0.252748641476052	2.42718446601942	"genome_125"
"seq_id_8014"	92005	97	4	0.444618804760037	4.25	"genome_126"
"seq_id_8017"	22283	12	1	2.06474636757583	17.9005524861878	"genome_127"
"seq_id_8223"	23543	13	1	1.99263865972839	17.0097508125677	"genome_128"
"seq_id_8166"	135424	169	14	1.00241086156579	10.1152368758003	"genome_129"
"seq_id_8165"	412373	613	42	0.861071841665596	7.8546307151231	"genome_13"
"seq_id_7764"	147259	175	9	0.726168471085292	6.66666666666667	"genome_130"
"seq_id_7807"	7322	5	0	1.66579223504722	13.4249471458774	"genome_131"
"seq_id_8364"	5301	4	0	1.709726443769	15.8450704225352	"genome_132"
"seq_id_8013"	6543	4	0	1.84313725490196	16.1882893226177	"genome_133"
"seq_id_8190"	118831	127	5	0.269818835924451	2.53929866989117	"genome_134"
"seq_id_8221"	11553	5	1	4.65589619641267	40.3973509933775	"genome_135"
"seq_id_7725"	86704	97	1	0.05249343832021	0.46242774566474	"genome_136"
"seq_id_8014"	4933	3	0	2.34243561537466	22.4565756823821	"genome_137"
"seq_id_7999"	84442	76	4	0.73775989268947	6.5554231227652	"genome_138"
"seq_id_7769"	16050	12	1	2.08136234626301	18.6215235792019	"genome_139"
"seq_id_7804"	32431	16	1	1.50126212302378	12.7539503386005	"genome_14"
"seq_id_8024"	32515	16	1	1.39286644103098	12.2425629290618	"genome_140"
"seq_id_7976"	18683	10	1	2.40714378154523	20.4395604395604	"genome_141"
"seq_id_7981"	23063	13	1	1.52671755725191	14.2506142506142	"genome_142"
"seq_id_8035"	69599	69	4	0.786885245901639	7.30816077953715	"genome_143"
"seq_id_7879"	15868	8	1	3.03187354236849	27.0833333333333	"genome_144"
"seq_id_8010"	66751	50	1	0.256541816316059	2.34466588511137	"genome_145"
"seq_id_7832"	18284	13	3	3.95744128714156	36.1374407582938	"genome_146"
"seq_id_7696"	87652	65	4	1.08404710920771	9.74729241877256	"genome_147"
"seq_id_7731"	5658	4	0	1.92	16.3265306122449	"genome_148"
"seq_id_8033"	41596	30	4	2.68533984324811	24.1339491916859	"genome_149"
"seq_id_7960"	2602	1	0	6.66059581110967	60.5200945626478	"genome_15"
"seq_id_8061"	67662	46	4	1.5101100588687	14.6948941469489	"genome_150"
"seq_id_7896"	316532	474	32	1.0073875083949	9.46969696969697	"genome_151"
"seq_id_8351"	251942	313	21	0.905774311234117	8.16326530612245	"genome_152"
"seq_id_7747"	2332	1	0	5.72564612326044	54.2032622333752	"genome_153"
"seq_id_8094"	15463	9	1	2.9155672823219	24.9717514124294	"genome_154"
"seq_id_8263"	29296	23	3	2.59128386336867	23.321554770318	"genome_155"
"seq_id_8312"	13576	13	0	0.256410256410256	2.53485424588086	"genome_156"
"seq_id_7939"	8570	6	0	1.14324142568931	10.7458912768647	"genome_157"
"seq_id_8019"	21151	15	1	1.67224080267559	14.5576707726764	"genome_158"
"seq_id_7724"	20511	15	3	5.01965923984273	42.5555555555556	"genome_159"
"seq_id_8668"	29773	18	4	3.7819253438114	35.6894553881808	"genome_16"
"seq_id_8106"	8292	6	0	1.03961047506251	9.72906403940887	"genome_160"
"seq_id_7899"	188602	278	15	0.593089221248066	5.16273849607183	"genome_161"
"seq_id_7725"	56037	38	1	0.344234079173838	2.95119182746879	"genome_162"
"seq_id_8167"	18504	14	1	1.64630225080386	14.6620847651775	"genome_163"
"seq_id_7950"	72745	58	4	1.12546361427292	9.90990990990991	"genome_164"
"seq_id_8033"	2272	1	0	6.45581153195366	59.7590361445783	"genome_165"
"seq_id_8003"	295841	480	28	0.646663217796172	6.39386189258312	"genome_166"
"seq_id_7710"	37365	17	1	0.92263081586925	9.43396226415094	"genome_167"
"seq_id_7873"	2196	1	0	6.09724723437098	58.7360594795539	"genome_168"
"seq_id_7905"	160653	188	9	0.459921156373193	4.47570332480818	"genome_169"
"seq_id_8058"	13374	6	1	3.85441678250979	36.9249394673123	"genome_17"
"seq_id_8370"	82480	69	4	0.715380684721513	6.80437424058323	"genome_170"
"seq_id_8326"	65225	55	4	1.12443778110945	10.36866359447	"genome_171"
"seq_id_7963"	127886	170	10	0.774990148430317	7.00712589073634	"genome_172"
"seq_id_7975"	25483	21	3	3.16295546558704	28.184892897407	"genome_173"
"seq_id_8158"	16764	13	0	0.253549695740365	2.32018561484919	"genome_174"
"seq_id_8117"	16902	11	3	5.05202457064059	43.4735706580367	"genome_175"
"seq_id_8110"	20546	10	1	2.3201555411536	20.9847596717468	"genome_176"
"seq_id_8182"	41595	24	1	0.82366154998128	7.48299319727891	"genome_177"
"seq_id_8132"	85144	77	4	0.709036998839758	6.3953488372093	"genome_178"
"seq_id_7665"	39916	29	4	2.98156139662613	29.0076335877863	"genome_179"
"seq_id_8247"	50026	33	4	2.01094565355734	18.2658959537572	"genome_18"
"seq_id_7679"	13398	11	1	1.78571428571429	17.586649550706	"genome_180"
"seq_id_7863"	12391	13	0	0.2356637863315	2.29007633587786	"genome_181"
"seq_id_7896"	4760	3	0	2.56807329978062	23.4946871310508	"genome_182"
"seq_id_7748"	476312	295	41	2.37966468361276	21.6482164821648	"genome_183"
"seq_id_8155"	49686	33	4	2.04239917269907	19.2448233861145	"genome_184"
"seq_id_7779"	28987	17	4	5.08135502800747	42.2863485016648	"genome_185"
"seq_id_8040"	38810	20	1	1.04792332268371	9.71563981042654	"genome_186"
"seq_id_7938"	183780	273	14	0.543900543900544	5.09708737864078	"genome_187"
"seq_id_7689"	493411	806	53	0.64891172096796	6.21761658031088	"genome_188"
"seq_id_8166"	23450	13	1	1.74470814624759	16.1712247324614	"genome_189"
"seq_id_7833"	92400	70	4	1.00171345722947	8.45383759733037	"genome_19"
"seq_id_8232"	2402	2	0	3.10357721550542	29.8203592814371	"genome_190"
"seq_id_7794"	16685	8	1	3.21443103214431	27.719298245614	"genome_191"
"seq_id_8061"	12088	6	1	4.34446306561815	38.558352402746	"genome_192"
"seq_id_7530"	7460	3	0	2.70995438690636	22.9545454545455	"genome_193"
"seq_id_8041"	36867	27	4	2.73106587432039	25.1455180442375	"genome_194"
"seq_id_7834"	56729	39	4	1.63845633039946	17.2119487908962	"genome_195"
"seq_id_8163"	4373	4	0	1.63831127914304	14.3487858719647	"genome_196"
"seq_id_8105"	173822	243	10	0.359342915811088	3.0939226519337	"genome_197"
"seq_id_7656"	757	1	0	6.52088516433154	59.7122302158273	"genome_198"
"seq_id_8066"	13474	6	1	4.07337128399747	36.8	"genome_199"
"seq_id_7923"	31161	19	1	1.13501385772733	9.85108820160367	"genome_2"
"seq_id_7745"	12755	13	0	0.306544049047048	2.75449101796407	"genome_20"
"seq_id_7752"	10694	4	1	6.67810479081431	59.8816568047337	"genome_200"
"seq_id_8149"	3659	2	0	3.50219695011631	33.0487804878049	"genome_201"
"seq_id_8103"	5174	3	0	2.25959686737707	20.488940628638	"genome_202"
"seq_id_7914"	66323	67	4	0.724924212468696	6.83229813664596	"genome_203"
"seq_id_7819"	1378	1	0	6.24916899348491	58.0964153275649	"genome_204"
"seq_id_8006"	141695	165	6	0.347803684142728	3.00668151447661	"genome_205"
"seq_id_7973"	447357	390	32	1.14337101747174	10.2298850574713	"genome_206"
"seq_id_7715"	16160	13	0	0.316330565440886	2.99625468164794	"genome_207"
"seq_id_7885"	6001	4	0	1.84270263052477	16.6064981949458	"genome_208"
"seq_id_8376"	139621	205	17	1.47801453380958	13.6518771331058	"genome_209"
"seq_id_7909"	955	1	0	7.24314394436426	63.448275862069	"genome_21"
"seq_id_7718"	53000	37	1	0.406930953006038	3.83663366336634	"genome_210"
"seq_id_7938"	37939	26	4	2.68194245540945	25.4320987654321	"genome_211"
"seq_id_8090"	6286	4	0	1.57034367357446	14.6282973621103	"genome_212"
"seq_id_8184"	9428	4	1	6.48382204246714	57.4468085106383	"genome_213"
"seq_id_8226"	57756	48	4	1.70995114425302	14.8272017837235	"genome_214"
"seq_id_7850"	106581	113	4	0.26089225150013	2.43605359317905	"genome_215"
"seq_id_8113"	131040	153	5	0.348792145717608	3.17647058823529	"genome_216"
"seq_id_8037"	123237	140	4	0.227819263384382	1.99335548172757	"genome_217"
"seq_id_7943"	189526	267	12	0.500856728614736	4.15300546448087	"genome_218"
"seq_id_7865"	16316	13	1	1.57335780778812	14.7783251231527	"genome_219"
"seq_id_7962"	17622	10	1	2.28141896347092	20.0929152148664	"genome_22"
"seq_id_8180"	58482	52	4	1.17983109786388	11.1633372502938	"genome_220"
"seq_id_8100"	17130	8	1	3.03794277070465	26.837416481069	"genome_221"
"seq_id_8028"	22296	15	3	3.9273757404069	38.0774032459426	"genome_222"
"seq_id_7684"	11773	5	1	4.75074840557074	41.4301929625426	"genome_223"
"seq_id_8128"	1829	1	0	6.32285859097821	60.3385731559855	"genome_224"
"seq_id_7728"	311783	460	29	0.700687466948704	6.82110682110682	"genome_225"
"seq_id_8227"	14040	13	0	0.275689223057644	2.46913580246914	"genome_226"
"seq_id_8229"	29556	20	1	0.638814360546825	6.95410292072323	"genome_227"
"seq_id_8021"	10138	4	1	6.45119586296057	58.913813459268	"genome_228"
"seq_id_7779"	15275	8	1	3.111168966415	27.2831050228311	"genome_229"
"seq_id_7535"	9654	11	0	0.487870985228351	3.97790055248619	"genome_23"
"seq_id_7914"	360411	518	34	0.720349884229483	6.41466208476518	"genome_230"
"seq_id_7854"	29136	19	1	1.03892688058916	9.30506478209658	"genome_231"
"seq_id_8154"	43424	30	4	2.66026472878277	24.3179122182681	"genome_232"
"seq_id_8002"	3841	3	0	2.14768659684476	20.0992555831265	"genome_233"
"seq_id_8256"	1135	1	0	6.54954140291952	61.0843373493976	"genome_234"
"seq_id_8124"	8569	9	0	0.528554853680547	5.18331226295828	"genome_235"
"seq_id_7270"	110843	124	9	1.07249524843877	9.14351851851852	"genome_236"
"seq_id_8178"	71323	72	1	0.138678769541099	1.25	"genome_237"
"seq_id_7776"	9082	6	0	0.903225806451613	9.09090909090909	"genome_238"
"seq_id_7885"	11657	12	0	0.343642611683849	3.00333704115684	"genome_239"
"seq_id_8139"	148907	209	10	0.4739336492891	4.30733410942957	"genome_24"
"seq_id_8043"	16536	14	1	1.55117609663064	14.3867924528302	"genome_240"
"seq_id_7966"	39405	23	4	2.97925832809554	28.0473372781065	"genome_241"
"seq_id_7844"	140277	187	10	0.545029846872567	4.8331415420023	"genome_242"
"seq_id_8127"	131356	151	6	0.418834877522528	3.85514018691589	"genome_243"
"seq_id_7752"	4238	3	0	2.1785906401291	19.1489361702128	"genome_244"
"seq_id_7738"	5984	3	0	2.54820008089524	22.8813559322034	"genome_245"
"seq_id_7850"	2767	2	0	3.3658341124616	31.4606741573034	"genome_246"
"seq_id_8209"	3416	2	0	3.32912988650694	30.4849884526559	"genome_247"
"seq_id_7961"	86443	83	6	1.11853947030085	10.2473498233216	"genome_248"
"seq_id_7863"	20394	15	3	4.52707110241357	39.3870601589103	"genome_249"
"seq_id_7982"	13193	11	0	0.403985995152168	3.65408038976857	"genome_25"
"seq_id_7867"	114552	109	6	0.692502330536689	6.55737704918033	"genome_250"
"seq_id_8021"	14414	7	1	3.71410338225909	32.5503355704698	"genome_251"
"seq_id_8063"	19481	15	1	1.47420147420147	13.4117647058824	"genome_252"
"seq_id_7968"	17489	13	1	1.56979761286975	14.828431372549	"genome_253"
"seq_id_8117"	9006	10	0	0.466502526888687	4.28061831153389	"genome_254"
"seq_id_7966"	12860	7	1	3.17032473366705	29.127358490566	"genome_255"
"seq_id_7919"	8383	3	1	8.4899546338302	78.0691299165673	"genome_256"
"seq_id_7566"	488670	736	52	0.701659695047902	6.77966101694915	"genome_257"
"seq_id_7946"	53183	30	4	2.62987433605389	24.9692496924969	"genome_258"
"seq_id_7572"	45271	33	4	2.05641972053783	18.417945690673	"genome_259"
"seq_id_8068"	39069	23	1	0.78760490639122	6.83090705487122	"genome_26"
"seq_id_7936"	15945	13	0	0.244153173991262	2.20162224797219	"genome_260"
"seq_id_7708"	3442	3	0	2.29037778070291	21.8045112781955	"genome_261"
"seq_id_7900"	944	1	0	6.4382676147382	57.307249712313	"genome_262"
"seq_id_8172"	4917	4	0	2.02868587672826	17.2717271727173	"genome_263"
"seq_id_8090"	6774	5	0	1.56450371890228	13.8165345413364	"genome_264"
"seq_id_7794"	9954	5	1	4.98119081592943	40.5063291139241	"genome_265"
"seq_id_8051"	3347	1	0	6.69962273969039	60.3751465416178	"genome_266"
"seq_id_7989"	25105	15	4	5.10805500982318	43.0939226519337	"genome_267"
"seq_id_7840"	14108	10	1	2.62642101136809	21.7297297297297	"genome_268"
"seq_id_7986"	324823	482	32	1.07885949139481	9.69976905311778	"genome_269"
"seq_id_7672"	1096	1	0	6.81455897980871	59.1013824884793	"genome_27"
"seq_id_8124"	123657	174	7	0.387646982814317	3.58851674641148	"genome_270"
"seq_id_7956"	35533	24	4	2.51481237656353	23.0676328502415	"genome_271"
"seq_id_7977"	9487	10	0	0.505770976527039	4.79115479115479	"genome_272"
"seq_id_7743"	92891	104	2	0.141515502380033	1.20087336244541	"genome_273"
"seq_id_7944"	9698	11	0	0.603378921962993	5.13112884834664	"genome_274"
"seq_id_8031"	40454	22	4	3.96563119629874	34.443168771527	"genome_275"
"seq_id_7858"	161945	199	14	0.988167988558055	8.84749708963911	"genome_276"
"seq_id_7990"	5066	3	0	2.16489499611097	20.9798994974874	"genome_277"
"seq_id_8120"	48535	33	4	2.34574196838348	19.7849462365591	"genome_278"
"seq_id_7801"	233674	345	20	0.706759187869442	6.69099756690998	"genome_279"
"seq_id_7853"	35311	27	3	2.16473072861668	19.6407185628743	"genome_28"
"seq_id_8462"	5622	3	0	2.40621915103653	21.9101123595506	"genome_280"
"seq_id_8219"	24128	10	1	2.23449661059503	21.1652794292509	"genome_281"
"seq_id_7980"	2351	1	0	6.74186778593914	60.9004739336493	"genome_282"
"seq_id_7958"	3869	3	0	2.17502558853634	20.4572803850782	"genome_283"
"seq_id_7747"	104031	92	4	0.650816841546022	5.70430733410943	"genome_284"
"seq_id_8001"	6656	3	1	8.45503458877786	79.4223826714802	"genome_285"
"seq_id_7862"	215264	328	20	0.806993947545393	8	"genome_286"
"seq_id_7872"	84786	92	4	0.57112498339753	4.93685419058553	"genome_287"
"seq_id_7831"	4129	3	0	2.60880964866282	21.6539717083787	"genome_288"
"seq_id_8112"	25092	17	1	1.35291843834557	12.2377622377622	"genome_289"
"seq_id_7982"	41203	27	1	0.638467677573823	5.95533498759305	"genome_29"
"seq_id_7995"	85154	79	4	0.860739979445015	7.29847494553377	"genome_290"
"seq_id_7959"	27558	14	1	1.33474296286507	12.65664160401	"genome_291"
"seq_id_8081"	45981	27	1	0.615747412550766	5.48424737456243	"genome_292"
"seq_id_7830"	186536	259	19	0.899022801302932	8.59277708592777	"genome_293"
"seq_id_8040"	94978	74	4	0.816326530612245	7.17592592592593	"genome_294"
"seq_id_7967"	11691	4	1	6.7036941358822	60.419091967404	"genome_295"
"seq_id_8074"	42760	33	3	1.66258538471453	14.878892733564	"genome_296"
"seq_id_7629"	5654	3	0	2.51836306400839	23.3009708737864	"genome_297"
"seq_id_7496"	20421	15	3	4.25444596443228	38.0195599022005	"genome_298"
"seq_id_8227"	1237	1	0	7.04916023047689	60.5900948366702	"genome_299"
"seq_id_7792"	52268	33	1	0.419782237964056	3.90720390720391	"genome_3"
"seq_id_7634"	108329	150	6	0.425765691525889	3.6427732079906	"genome_30"
"seq_id_7842"	3646	2	0	3.55053191489362	31.9377990430622	"genome_300"
"seq_id_7716"	14194	7	1	3.50407917614016	33.5897435897436	"genome_301"
"seq_id_7944"	20483	15	1	1.38350142229118	12.9227053140097	"genome_302"
"seq_id_7762"	3763	2	0	3.7368210329641	33.175355450237	"genome_303"
"seq_id_8282"	33135	16	1	1.30511910795743	11.7178612059158	"genome_304"
"seq_id_8187"	41456	36	3	1.35983263598326	12.484993997599	"genome_305"
"seq_id_7806"	3459	2	0	3.6173001310616	34.4569288389513	"genome_306"
"seq_id_8111"	2240	1	0	6.8696330991413	62.2641509433962	"genome_307"
"seq_id_8319"	2491	1	0	6.71471927162367	59.7972972972973	"genome_308"
"seq_id_7970"	10009	12	0	0.313275029369534	2.85035629453682	"genome_309"
"seq_id_8179"	3931	2	0	3.10867626449229	29.8288508557457	"genome_31"
"seq_id_7894"	136537	162	9	0.652230628750326	6.06060606060606	"genome_310"
"seq_id_8071"	160968	222	14	0.760505284867234	6.75830469644903	"genome_311"
"seq_id_8061"	116810	112	4	0.346553715825953	3.05429864253394	"genome_312"
"seq_id_7903"	192059	271	12	0.591094181006174	4.76694915254237	"genome_313"
"seq_id_8098"	13761	7	1	3.71890228263657	31.5560391730141	"genome_314"
"seq_id_7804"	12400	13	0	0.293764187474963	2.85343709468223	"genome_315"
"seq_id_7980"	2387	1	0	7.5774826059456	60.8121827411168	"genome_316"
"seq_id_8164"	98150	109	5	0.544959128065395	5.32319391634981	"genome_317"
"seq_id_8085"	2982	1	0	6.79511881824021	60.1820250284414	"genome_318"
"seq_id_7640"	14265	13	0	0.266347050206419	2.47524752475248	"genome_319"
"seq_id_8265"	31947	18	4	4.035593432761	35.5016538037486	"genome_32"
"seq_id_8201"	3455	2	0	3.63319646634316	32.2295805739514	"genome_320"
"seq_id_7703"	49953	31	4	2.25255068239035	20.0945626477541	"genome_321"
"seq_id_7796"	59143	36	4	2.10681696188943	19.0765492102066	"genome_322"
"seq_id_8166"	13911	6	1	4.45942442312678	38.8700564971751	"genome_323"
"seq_id_8055"	10236	6	1	4.36492331891467	39.0386869871043	"genome_324"
"seq_id_8021"	6370	5	0	1.20925341745531	11.1786148238153	"genome_325"
"seq_id_7982"	6363	4	0	1.66644968103112	15.980024968789	"genome_326"
"seq_id_7947"	3876	3	0	2.48871695680206	21.9817767653759	"genome_327"
"seq_id_7920"	41604	24	1	0.957377049180328	8.55803048065651	"genome_328"
"seq_id_8084"	1501	1	0	6.28803245436105	60.3406326034063	"genome_329"
"seq_id_8190"	290815	466	28	0.719706883014918	7.39247311827957	"genome_33"
"seq_id_7581"	42702	26	1	0.812457684495599	7.19424460431655	"genome_330"
"seq_id_8101"	13696	13	0	0.253871541000254	2.24971878515186	"genome_331"
"seq_id_8273"	8955	11	0	0.332141032192131	3.27455919395466	"genome_332"
"seq_id_7458"	24839	13	1	1.98234894772573	17.8484107579462	"genome_333"
"seq_id_8142"	75028	50	4	1.38836299381547	12.4716553287982	"genome_334"
"seq_id_7976"	112322	118	4	0.251922566958366	2.3030303030303	"genome_335"
"seq_id_7951"	17530	14	1	1.66139240506329	15.0717703349282	"genome_336"
"seq_id_7823"	8793	6	0	0.897642015005359	9.10326086956522	"genome_337"
"seq_id_8263"	123736	139	5	0.288259958071279	2.76729559748428	"genome_338"
"seq_id_7567"	90301	82	4	0.520902898357152	4.85074626865672	"genome_339"
"seq_id_7744"	173257	300	15	0.579280614306884	4.89749430523918	"genome_34"
"seq_id_8162"	34094	20	1	1.00671140939597	8.96551724137931	"genome_340"
"seq_id_7637"	4996	3	0	2.285050348567	20.5574912891986	"genome_341"
"seq_id_7845"	90932	85	6	1.02954940500067	9.37880633373934	"genome_342"
"seq_id_7881"	8363	6	0	1.02915951972556	9.61775585696671	"genome_343"
"seq_id_8111"	47553	33	4	2.09465729815723	19.1283292978208	"genome_344"
"seq_id_8239"	3964	3	0	2.07020702070207	19.9011124845488	"genome_345"
"seq_id_8237"	202666	304	14	0.376868096166342	3.87182910547397	"genome_346"
"seq_id_8099"	169057	197	11	0.606608156943727	5.48424737456243	"genome_347"
"seq_id_7584"	22673	10	1	2.3068669527897	19.5676905574516	"genome_348"
"seq_id_7294"	28038	16	4	4.73168712925921	41.6767922235723	"genome_349"
"seq_id_8289"	13738	11	0	0.411946446961895	3.78250591016548	"genome_35"
"seq_id_8288"	23381	13	1	1.75923598894195	16.374269005848	"genome_350"
"seq_id_7957"	8306	6	0	1.12851832182687	9.71428571428571	"genome_351"
"seq_id_8081"	23541	17	3	3.01343830595901	28.9817232375979	"genome_352"
"seq_id_8136"	28112	16	4	4.44218809493591	41.1764705882353	"genome_353"
"seq_id_7982"	63816	67	3	0.499605574546411	4.80404551201011	"genome_354"
"seq_id_7960"	19698	14	3	4.25106609808102	36.9640787949015	"genome_355"
"seq_id_8053"	22609	17	1	1.15820287641593	10.8076009501188	"genome_356"
"seq_id_7665"	455771	520	36	0.98182300650126	9.26157697121402	"genome_357"
"seq_id_7843"	51262	36	4	1.97773411918795	17.8486997635934	"genome_358"
"seq_id_8075"	2969	3	0	2.72927176303195	22.542735042735	"genome_359"
"seq_id_8205"	181780	228	20	1.26988199076449	12.0291616038882	"genome_36"
"seq_id_7987"	6820	4	0	1.84530820573223	16.3194444444444	"genome_360"
"seq_id_8380"	8007	3	1	7.94440193828105	77.875	"genome_361"
"seq_id_7916"	5510	4	0	1.5777806754466	15.3358681875792	"genome_362"
"seq_id_8044"	2360	2	0	3.2669729453803	30.4399524375743	"genome_363"
"seq_id_7897"	286889	256	21	1.05017502917153	9.83009708737864	"genome_364"
"seq_id_8005"	34354	23	1	0.797281401124036	7.27056019070322	"genome_365"
"seq_id_7931"	156972	184	14	1.34147961216629	11.8405627198124	"genome_366"
"seq_id_8062"	3899	4	0	1.85693736105662	17.2539489671932	"genome_367"
"seq_id_8085"	6400	6	0	1.03355875972949	9.38586326767092	"genome_368"
"seq_id_7841"	22018	10	1	2.36922667376547	20.9165687426557	"genome_369"
"seq_id_8259"	3222	3	0	2.75721215215726	23.841059602649	"genome_37"
"seq_id_8414"	7435	4	0	1.60300563556669	15.1300236406619	"genome_370"
"seq_id_8049"	20176	13	1	2.08928107967817	16.9473684210526	"genome_371"
"seq_id_8224"	18133	10	1	2.45859213250518	21.9907407407407	"genome_372"
"seq_id_8000"	11276	11	0	0.339469904687296	3.05522914218566	"genome_373"
"seq_id_8212"	69758	80	5	0.951535143364628	8.4554678692221	"genome_374"
"seq_id_8182"	152660	184	7	0.435841558774516	4.12621359223301	"genome_375"
"seq_id_8075"	31072	15	1	1.61804051471525	13.8949671772429	"genome_376"
"seq_id_7766"	26381	19	1	1.09657814770776	9.71896955503513	"genome_377"
"seq_id_8214"	1777	1	0	6.3816527483485	60.9523809523809	"genome_378"
"seq_id_7832"	75097	52	4	0.905579970701824	9.53716690042076	"genome_379"
"seq_id_7890"	7290	5	0	1.51748971193416	13.3938706015891	"genome_38"
"seq_id_7783"	5238	4	0	1.39128130382934	14.0939597315436	"genome_380"
"seq_id_8275"	20993	12	1	2.06975852817171	19.9017199017199	"genome_381"
"seq_id_7824"	8008	4	0	2.11802317836686	18.4883720930233	"genome_382"
"seq_id_8418"	30130	18	1	0.945203729722825	9.01339829476249	"genome_383"
"seq_id_8163"	49751	28	4	3.14537782892213	27.4860335195531	"genome_384"
"seq_id_8225"	7422	3	1	9.12455334354262	80.1569506726457	"genome_385"
"seq_id_7686"	7511	9	0	0.57051877404803	5.22478736330498	"genome_386"
"seq_id_8123"	3084	2	0	3.34976614840096	28.6486486486486	"genome_387"
"seq_id_7809"	41535	33	3	1.43809648320042	13.3010882708585	"genome_388"
"seq_id_8141"	28418	24	3	2.40378468226569	20.3023758099352	"genome_389"
"seq_id_7943"	2890	1	0	6.48314895806535	58.7412587412587	"genome_39"
"seq_id_7960"	125149	161	14	0.938303341902314	8.93512851897185	"genome_390"
"seq_id_8276"	105105	156	13	1.02389078498294	9.83009708737864	"genome_391"
"seq_id_7968"	13980	13	0	0.313070701800157	3.00375469336671	"genome_392"
"seq_id_7773"	5635	4	0	1.75599528240073	15.8205430932704	"genome_393"
"seq_id_8033"	22287	10	1	2.54071661237785	22.6218097447796	"genome_394"
"seq_id_7926"	40901	24	4	3.09660908509277	28.2380396732789	"genome_395"
"seq_id_7916"	20095	15	3	3.99365247289077	37.4225526641884	"genome_396"
"seq_id_8129"	8110	6	0	1.12259216736829	10	"genome_397"
"seq_id_8243"	33151	16	1	1.06693763495491	10.3448275862069	"genome_398"
"seq_id_8005"	5490	4	0	1.90760446405398	18.1257706535142	"genome_399"
"seq_id_8053"	15839	13	0	0.385405960945529	3.47222222222222	"genome_4"
"seq_id_8084"	39712	23	1	0.817301647177166	8.06451612903226	"genome_40"
"seq_id_7794"	67382	59	1	0.130276185513288	1.10253583241455	"genome_400"
"seq_id_8039"	145812	145	9	0.874968298250063	7.6158940397351	"genome_401"
"seq_id_7740"	6350	4	0	1.88455455983131	17.5245098039216	"genome_402"
"seq_id_8264"	230148	334	19	0.59156378600823	5.7356608478803	"genome_403"
"seq_id_7854"	13219	5	1	4.36899423446509	39.9765533411489	"genome_404"
"seq_id_8057"	13307	13	0	0.271668822768435	2.53623188405797	"genome_405"
"seq_id_7634"	10197	11	0	0.387596899224806	3.59355638166047	"genome_406"
"seq_id_8052"	77504	59	4	0.930781331934976	8.65853658536585	"genome_407"
"seq_id_8159"	20918	15	1	1.43610013175231	13.7626262626263	"genome_408"
"seq_id_7926"	418815	240	26	1.68388825105243	14.4262295081967	"genome_409"
"seq_id_7781"	72869	48	4	1.31736526946108	11.8990384615385	"genome_41"
"seq_id_7361"	2056	1	0	5.93801426220516	55.7271557271557	"genome_410"
"seq_id_7805"	292809	249	21	1.08137334414707	9.88875154511743	"genome_411"
"seq_id_7907"	40998	23	4	3.39462517680339	28.8840262582057	"genome_412"
"seq_id_8455"	7536	6	0	0.767392124795572	7.21040189125296	"genome_413"
"seq_id_7513"	59262	37	4	1.97386332698067	17.9677819083024	"genome_414"
"seq_id_8163"	12991	5	1	4.41636431877893	41.5294117647059	"genome_415"
"seq_id_8039"	16653	13	0	0.254647313470843	2.22469410456062	"genome_416"
"seq_id_8105"	39258	22	4	3.49428208386277	30.8295964125561	"genome_417"
"seq_id_8150"	61448	52	4	1.15458627325208	11.0024449877751	"genome_418"
"seq_id_7805"	9300	11	0	0.454132606721163	3.94588500563698	"genome_419"
"seq_id_8040"	21664	14	1	1.69781521453014	16.4540816326531	"genome_42"
"seq_id_8199"	20845	13	3	4.28080010192381	39.9049881235154	"genome_420"
"seq_id_8217"	221912	256	20	1.07844395942997	10.6463878326996	"genome_421"
"seq_id_7411"	52624	33	4	1.97751591493973	19.650067294751	"genome_422"
"seq_id_7668"	91569	71	4	0.884725474889409	7.64044943820225	"genome_423"
"seq_id_7825"	36770	19	1	1.00482839618948	9.09090909090909	"genome_424"
"seq_id_8262"	85235	61	4	1.01073122036436	8.97009966777409	"genome_425"
"seq_id_7999"	50793	37	1	0.412318000257699	3.73831775700935	"genome_426"
"seq_id_8104"	36212	20	1	1.06382978723404	9.54545454545454	"genome_427"
"seq_id_8071"	37710	18	1	1.32663575476558	12.0750293083236	"genome_428"
"seq_id_7778"	1886	1	0	6.05658121928543	58.6118251928021	"genome_429"
"seq_id_7994"	4748	3	0	2.07590422822211	19.4510739856802	"genome_43"
"seq_id_8232"	42586	41	3	0.906266183324702	9.19842312746386	"genome_430"
"seq_id_7775"	897	1	0	6.37928733484586	58.0801944106926	"genome_431"
"seq_id_7897"	16969	8	1	3.03460743801653	28.2451923076923	"genome_432"
"seq_id_7924"	6520	6	0	1.02790014684288	9.89717223650386	"genome_433"
"seq_id_7851"	70691	48	4	1.80699227445332	15.6285390713477	"genome_434"
"seq_id_8101"	12022	5	1	4.27457882826251	39.766081871345	"genome_435"
"seq_id_7835"	404821	371	27	1.00038976224503	9.39024390243902	"genome_436"
"seq_id_8037"	9495	11	0	0.437956204379562	4.07911001236094	"genome_437"
"seq_id_8421"	56388	31	4	2.31039678553491	22.3030303030303	"genome_438"
"seq_id_7581"	10110	4	1	7.25180626170725	61.1738148984199	"genome_439"
"seq_id_8232"	30045	14	1	1.40120838154004	13.5910224438903	"genome_44"
"seq_id_7919"	260630	236	21	1.40863106671789	12.1546961325967	"genome_440"
"seq_id_7678"	103234	120	9	1.21333333333333	11.7723156532988	"genome_441"
"seq_id_8218"	18960	14	1	1.47668393782383	13.6363636363636	"genome_442"
"seq_id_7996"	50964	33	4	2.35417211613916	20.8092485549133	"genome_443"
"seq_id_8217"	20470	14	3	4.40138585910432	38.7133182844244	"genome_444"
"seq_id_8160"	100684	95	6	0.782151557892037	8.01576872536137	"genome_445"
"seq_id_7598"	11909	12	0	0.284206252537556	2.62172284644195	"genome_446"
"seq_id_8202"	31056	16	1	0.925221799746515	8.86998784933171	"genome_447"
"seq_id_8112"	2144	1	0	6.32749584558354	60.2189781021898	"genome_448"
"seq_id_8032"	19096	14	1	1.56070103620315	14.5238095238095	"genome_449"
"seq_id_7907"	337953	495	31	0.615226864906434	6.39147802929427	"genome_45"
"seq_id_7862"	95642	93	6	0.873761085028691	8.53503184713376	"genome_450"
"seq_id_8211"	190351	244	17	0.935897435897436	8.90243902439024	"genome_451"
"seq_id_7949"	233257	339	20	0.696304231387252	6.32603406326034	"genome_452"
"seq_id_8046"	294036	441	29	0.762076982691811	7.13422007255139	"genome_453"
"seq_id_7693"	253930	381	21	0.383496429516001	3.76134889753567	"genome_454"
"seq_id_7890"	162215	226	14	0.897502601456816	7.77027027027027	"genome_455"
"seq_id_8241"	60284	40	4	1.52595372107567	13.4955752212389	"genome_456"
"seq_id_7983"	351189	395	27	0.949161357430763	8.53801169590643	"genome_457"
"seq_id_7995"	54198	31	4	2.34815689361144	21.5403128760529	"genome_458"
"seq_id_8123"	39290	23	1	0.85133418043202	8.10157194679565	"genome_459"
"seq_id_7766"	41972	29	4	3.12541037426133	27.3249138920781	"genome_46"
"seq_id_7863"	77154	54	4	1.32894736842105	12.0669056152927	"genome_460"
"seq_id_8097"	20717	14	1	1.60351739299108	14.519906323185	"genome_461"
"seq_id_8015"	15961	7	1	3.08156307369525	29.1563275434243	"genome_462"
"seq_id_7919"	1727	1	0	6.42914545941602	59.7758405977584	"genome_463"
"seq_id_7825"	42256	23	1	1.13933996856993	9.92018244013683	"genome_464"
"seq_id_7907"	6705	3	1	8.93137768465165	79.9531066822978	"genome_465"
"seq_id_7716"	34922	23	1	0.840784732416922	7.64563106796117	"genome_466"
"seq_id_7715"	27909	20	1	1.04983388704319	9.02857142857143	"genome_467"
"seq_id_8165"	70423	49	4	1.46718146718147	14.1439205955335	"genome_468"
"seq_id_8208"	28534	19	1	1.25173852573018	10.5656350053362	"genome_469"
"seq_id_8021"	18307	9	1	2.78364116094987	24.6207701283547	"genome_47"
"seq_id_8404"	49368	37	1	0.305421226775261	2.85035629453682	"genome_470"
"seq_id_7886"	40353	26	1	0.627943485086342	5.62719812426729	"genome_471"
"seq_id_7815"	35189	28	3	2.12849822625148	18.7717265353418	"genome_472"
"seq_id_7749"	253743	385	21	0.635620703074329	5.80568720379147	"genome_473"
"seq_id_8085"	29184	20	1	0.698839662447257	6.58385093167702	"genome_474"
"seq_id_8205"	238418	233	21	1.31443298969072	12.1718377088305	"genome_475"
"seq_id_7754"	35942	19	1	0.82807570977918	8.03571428571429	"genome_476"
"seq_id_8109"	50743	29	4	2.25854754180185	21.0955710955711	"genome_477"
"seq_id_7751"	6263	4	0	1.93035085431068	16.7990919409762	"genome_478"
"seq_id_7535"	112174	163	7	0.499932441561951	4.30733410942957	"genome_479"
"seq_id_8064"	15132	8	1	3.07141028922447	27.9394644935972	"genome_48"
"seq_id_7712"	300872	501	31	0.70394474697835	6.45554202192448	"genome_480"
"seq_id_8467"	31769	19	4	4.68053491827637	40.1700318809777	"genome_481"
"seq_id_8002"	86009	63	4	0.927135022199008	8.94206549118388	"genome_482"
"seq_id_8236"	12736	6	1	3.9091730099342	37.2693726937269	"genome_483"
"seq_id_8280"	6677	3	0	2.02818385354932	19.7689345314506	"genome_484"
"seq_id_7759"	69168	82	5	0.876619128614418	7.41150442477876	"genome_485"
"seq_id_7814"	4098	4	0	2.07715133531157	18.5483870967742	"genome_486"
"seq_id_8267"	5335	3	0	2.37437185929648	22.027972027972	"genome_487"
"seq_id_7968"	13629	13	0	0.490765853028542	4.3778801843318	"genome_488"
"seq_id_7807"	36958	22	4	3.42240358036067	32.9531051964512	"genome_489"
"seq_id_7924"	405190	442	30	0.811943425877423	7.58873929008568	"genome_49"
"seq_id_7697"	99069	86	4	0.546666666666667	4.93975903614458	"genome_490"
"seq_id_8007"	38591	31	3	1.55494577289952	15.374677002584	"genome_491"
"seq_id_7905"	36482	22	1	0.821736249171637	7.10194730813287	"genome_492"
"seq_id_7809"	107452	98	4	0.392208131781932	3.6231884057971	"genome_493"
"seq_id_7750"	868	1	0	6.83803976193491	58.5683297180043	"genome_494"
"seq_id_8047"	2880	2	0	3.58647096362476	31.8955732122588	"genome_495"
"seq_id_7855"	17990	12	3	4.63611147800819	41.9856459330144	"genome_496"
"seq_id_7858"	8104	4	0	1.70793062359327	15.6174334140436	"genome_497"
"seq_id_7675"	15057	13	0	0.319914689416156	2.98136645962733	"genome_498"
"seq_id_8238"	12273	5	1	4.42366026289181	39.727582292849	"genome_499"
"seq_id_7985"	97173	94	6	1.13520408163265	9.85603543743079	"genome_5"
"seq_id_7965"	115617	159	14	1.34471166278769	12.1495327102804	"genome_50"
"seq_id_8177"	34720	22	1	1.14044079958995	9.85603543743079	"genome_500"
"seq_id_8203"	69823	48	4	1.66927490871153	15.3293413173653	"genome_501"
"seq_id_8036"	128818	149	4	0.155763239875389	1.41509433962264	"genome_502"
"seq_id_8003"	1513	1	0	6.81847755367599	59.2760180995475	"genome_503"
"seq_id_8057"	452387	716	45	0.66544885177453	6.27306273062731	"genome_504"
"seq_id_7758"	155175	256	12	0.511784511784512	4.9738219895288	"genome_505"
"seq_id_8149"	49617	37	1	0.303874398581919	2.96662546353523	"genome_506"
"seq_id_8149"	16028	13	1	1.93431130728288	16.5371809100999	"genome_507"
"seq_id_7734"	24482	10	1	2.30593913393216	20.2591283863369	"genome_508"
"seq_id_7946"	631	1	0	5.7731694828469	57.7464788732394	"genome_509"
"seq_id_8262"	5005	3	0	2.32145122415324	22.4539877300613	"genome_51"
"seq_id_7478"	1671	1	0	6.17545719586536	58.3229036295369	"genome_510"
"seq_id_8110"	102769	95	4	0.518067607822821	4.53514739229025	"genome_511"
"seq_id_7996"	17418	9	1	3.1302766593064	27.8612716763006	"genome_512"
"seq_id_8049"	9643	11	0	0.400154898670453	3.5796766743649	"genome_513"
"seq_id_8039"	27744	16	4	4.28926376356741	39.1875746714456	"genome_514"
"seq_id_7786"	51563	35	4	1.6502079002079	15.6983930778739	"genome_515"
"seq_id_7898"	66704	50	1	0.200374031525514	1.71232876712329	"genome_516"
"seq_id_7915"	7794	6	0	1.1328125	10.0461893764434	"genome_517"
"seq_id_7971"	13831	13	0	0.232318017552917	2.15568862275449	"genome_518"
"seq_id_8004"	6606	4	0	1.76646317703598	15.2466367713004	"genome_519"
"seq_id_7841"	40178	31	3	1.70626066412915	15.2761457109283	"genome_52"
"seq_id_8079"	11807	6	1	4.58774053778514	38.6266094420601	"genome_520"
"seq_id_7529"	144972	181	14	1.18694362017804	11.1959287531807	"genome_521"
"seq_id_8171"	297374	231	22	1.61932913507261	14.8936170212766	"genome_522"
"seq_id_7964"	11816	11	0	0.411522633744856	3.41515474919957	"genome_523"
"seq_id_7860"	23289	11	1	2.24762894634273	19.8394495412844	"genome_524"
"seq_id_7956"	51836	30	4	2.88283522877546	26.8472906403941	"genome_525"
"seq_id_8034"	9064	7	0	0.770416024653313	6.6006600660066	"genome_526"
"seq_id_8026"	3198	2	0	3.40924048966697	30.9438470728793	"genome_527"
"seq_id_7708"	11868	5	1	3.91760904684976	40.0275103163686	"genome_528"
"seq_id_7800"	5612	4	0	1.9197896120973	16.2222222222222	"genome_529"
"seq_id_8366"	25076	13	1	1.70368500757193	15.5172413793103	"genome_53"
"seq_id_7772"	18337	13	3	4.46416743939595	38.3826879271071	"genome_530"
"seq_id_8037"	44862	28	1	0.678009466547269	6.00907029478458	"genome_531"
"seq_id_7935"	43590	23	4	3.22409446729468	30.1863354037267	"genome_532"
"seq_id_8017"	4958	3	0	2.41820768136558	21.6937354988399	"genome_533"
"seq_id_8235"	31272	14	1	1.45204432556362	14.3036386449184	"genome_534"
"seq_id_7967"	11173	4	1	6.43822781421496	59.9750623441397	"genome_535"
"seq_id_7671"	5450	4	0	1.97246491924808	18.1044957472661	"genome_536"
"seq_id_7805"	923	1	0	6.84456304202802	57.4468085106383	"genome_537"
"seq_id_8227"	12114	7	1	2.9300196206671	30.0671140939597	"genome_538"
"seq_id_8190"	198542	267	15	0.590241343126968	5.63204005006258	"genome_539"
"seq_id_7930"	41537	27	4	3.18405384416257	27.7339346110485	"genome_54"
"seq_id_8002"	139919	230	11	0.497639402832717	4.71584038694075	"genome_540"
"seq_id_7974"	1314	1	0	6.91790749769403	60.8342989571263	"genome_541"
"seq_id_8102"	325604	238	22	1.34740053387568	12.4559341950646	"genome_542"
"seq_id_7744"	264559	420	27	0.770536763745592	7.14285714285714	"genome_543"
"seq_id_8138"	238549	331	23	1.01386036960986	9.03890160183066	"genome_544"
"seq_id_7962"	2850	2	0	3.13353270055909	30.2763819095477	"genome_545"
"seq_id_7716"	11992	12	0	0.448134967707921	4.06698564593301	"genome_546"
"seq_id_8400"	9885	10	0	0.564102564102564	4.82985729967069	"genome_547"
"seq_id_8293"	6620	3	1	8.18204740292486	78.6666666666667	"genome_548"
"seq_id_7551"	265472	444	28	0.7381046526954	6.82926829268293	"genome_549"
"seq_id_7679"	4256	2	0	3.44323318266418	30.9438470728793	"genome_55"
"seq_id_7999"	20237	16	1	1.2787393438388	12.8738621586476	"genome_550"
"seq_id_7760"	122554	148	11	1.21109519468681	10.7888631090487	"genome_551"
"seq_id_7938"	34003	21	1	1.09846479618846	10.1965601965602	"genome_552"
"seq_id_7656"	41195	33	3	1.97190707725554	17.3602853745541	"genome_553"
"seq_id_8238"	7502	4	0	1.4579107505071	14.3034825870647	"genome_554"
"seq_id_8055"	7839	4	0	1.66687713095088	14.9152542372881	"genome_555"
"seq_id_8004"	66485	52	1	0.117770217220623	1.08433734939759	"genome_556"
"seq_id_8111"	15504	13	1	1.69160702667534	16.3316582914573	"genome_557"
"seq_id_7879"	53750	40	1	0.358947088540282	3.05429864253394	"genome_558"
"seq_id_8393"	8428	10	0	0.472343070229956	4.22691879866518	"genome_559"
"seq_id_8226"	69859	68	1	0.138713745271122	1.26874279123414	"genome_56"
"seq_id_7856"	8102	9	0	0.540968465496767	4.65380249716232	"genome_560"
"seq_id_7916"	71722	47	4	1.66087292390885	14.8105625717566	"genome_561"
"seq_id_7906"	56561	36	4	1.83668076109937	17.7749360613811	"genome_562"
"seq_id_7943"	61173	52	4	1.26913515635222	11.6028708133971	"genome_563"
"seq_id_7942"	48104	33	4	2.29037778070291	20.2797202797203	"genome_564"
"seq_id_8200"	31088	21	4	4.2717447246526	39.4768133174792	"genome_565"
"seq_id_8072"	377913	326	27	1.26349039220848	11.1498257839721	"genome_566"
"seq_id_8143"	105748	151	14	1.38254693049214	12.5576036866359	"genome_567"
"seq_id_8211"	31464	19	4	3.6413113904367	35.9795134443022	"genome_568"
"seq_id_7718"	66798	46	4	1.60010579211849	14.4047619047619	"genome_569"
"seq_id_8210"	16511	12	1	2.28527410450635	20.8430913348946	"genome_57"
"seq_id_8157"	36485	26	4	2.99559471365639	25.7575757575758	"genome_570"
"seq_id_7770"	27085	17	4	4.78165090060905	39.5922746781116	"genome_571"
"seq_id_7774"	101978	92	4	0.536121163382925	4.79041916167665	"genome_572"
"seq_id_7516"	5582	5	0	1.42989540579902	12.4423963133641	"genome_573"
"seq_id_7911"	27745	22	3	2.42063492063492	24.4652406417112	"genome_574"
"seq_id_8074"	8182	6	0	0.828236493374108	7.8031212484994	"genome_575"
"seq_id_7880"	22189	14	1	1.55976872394783	13.6470588235294	"genome_576"
"seq_id_7931"	25709	16	4	3.84200593151793	37.0611183355007	"genome_577"
"seq_id_8123"	14882	13	0	0.215353432987079	2.00945626477541	"genome_578"
"seq_id_7999"	23594	10	1	2.40212342402123	21.3695395513577	"genome_579"
"seq_id_8194"	3635	3	0	2.31928875144956	22.360248447205	"genome_58"
"seq_id_7734"	33106	17	1	1.32275132275132	12.1951219512195	"genome_580"
"seq_id_8081"	27272	18	1	1.15150731013068	10.8669108669109	"genome_581"
"seq_id_8150"	474113	716	50	0.825167612171222	7.60095011876485	"genome_582"
"seq_id_7720"	331531	267	22	1.28755364806867	12.3393316195373	"genome_583"
"seq_id_7831"	35398	23	1	0.833333333333333	7.08061002178649	"genome_584"
"seq_id_8002"	24310	18	1	1.19154388212684	10.7888631090487	"genome_585"
"seq_id_8112"	50589	56	3	0.85155058464667	7.7906976744186	"genome_586"
"seq_id_8123"	5231	3	0	2.02561421850497	19.4235588972431	"genome_587"
"seq_id_7812"	10056	4	1	6.4163372859025	60.4968944099379	"genome_588"
"seq_id_7854"	14852	13	0	0.394321766561514	3.67197062423501	"genome_589"
"seq_id_8043"	18323	13	0	0.338101430429129	3.1063321385902	"genome_59"
"seq_id_8210"	86738	75	4	0.767585252296464	7.10955710955711	"genome_590"
"seq_id_8069"	43502	38	3	1.3042927694061	11.1713665943601	"genome_591"
"seq_id_8149"	53141	37	1	0.286085825747724	2.69938650306748	"genome_592"
"seq_id_8160"	195904	237	20	1.10682110682111	9.76163450624291	"genome_593"
"seq_id_7834"	88768	79	4	0.699481865284974	6.12244897959184	"genome_594"
"seq_id_7909"	35002	23	1	0.697944939899186	6.36792452830189	"genome_595"
"seq_id_7976"	66496	42	4	1.74328512396694	15.0166852057842	"genome_596"
"seq_id_7475"	158954	216	10	0.599760095961615	5.66750629722922	"genome_597"
"seq_id_8080"	5567	3	0	2.26716475589334	20.2066590126292	"genome_598"
"seq_id_8189"	16657	12	3	4.50835600466382	40.1384083044983	"genome_599"
"seq_id_8092"	35593	23	1	0.913937547600914	8.36236933797909	"genome_6"
"seq_id_8042"	2277	2	0	3.47113884555382	30.2036199095023	"genome_60"
"seq_id_7861"	10949	13	0	0.409731113956466	3.75586854460094	"genome_600"
"seq_id_7978"	74174	88	1	0.0908736855770479	0.819672131147541	"genome_601"
"seq_id_7823"	4718	4	0	1.48128554424018	13.8957816377171	"genome_602"
"seq_id_7751"	96409	106	9	1.20497538222337	10.801393728223	"genome_603"
"seq_id_7954"	111518	100	4	0.358994814519346	3.31695331695332	"genome_604"
"seq_id_7884"	3331	2	0	3.38380513495721	31.3414634146341	"genome_605"
"seq_id_8257"	97856	120	6	0.650593187906621	6.18181818181818	"genome_606"
"seq_id_7731"	19481	9	1	3.03149606299213	25.609756097561	"genome_607"
"seq_id_7739"	104627	116	5	0.531983910730505	4.64852607709751	"genome_608"
"seq_id_7667"	20046	13	1	1.96913251729643	16.8757126567845	"genome_609"
"seq_id_7829"	19165	14	1	1.53601694915254	14.3386897404203	"genome_61"
"seq_id_7937"	14304	7	1	3.48761830675483	30.4988662131519	"genome_610"
"seq_id_7976"	101895	104	4	0.370076658736453	3.28638497652582	"genome_611"
"seq_id_7970"	71851	86	1	0.0260960334029228	0.246305418719212	"genome_612"
"seq_id_7493"	217526	297	18	0.698534447335981	7.01513067400275	"genome_613"
"seq_id_7958"	22916	16	1	1.38618992097422	12.6477541371158	"genome_614"
"seq_id_7762"	60869	54	4	1.15445859872611	10.8614232209738	"genome_615"
"seq_id_8032"	1462	1	0	6.56876884751541	61.2469437652812	"genome_616"
"seq_id_7674"	44225	31	4	2.18167393891313	19.5729537366548	"genome_617"
"seq_id_8107"	102492	97	4	0.408632358574895	3.72093023255814	"genome_618"
"seq_id_8073"	34101	21	1	1.15074798619102	9.43396226415094	"genome_619"
"seq_id_8123"	15429	11	0	0.51302821655191	4.45486518171161	"genome_62"
"seq_id_8132"	23935	17	3	2.86051699252067	28.4967320261438	"genome_620"
"seq_id_7721"	51115	45	4	1.11020850257243	11.2175102599179	"genome_621"
"seq_id_7506"	251453	323	23	0.768386388583974	7.28218465539662	"genome_622"
"seq_id_8231"	44382	24	4	2.68164985314775	24.7349823321555	"genome_623"
"seq_id_7816"	4518	4	0	1.74603174603175	15.6398104265403	"genome_624"
"seq_id_7868"	71517	86	1	0.0528820729772607	0.46242774566474	"genome_625"
"seq_id_7999"	128594	148	5	0.259841496687021	2.39808153477218	"genome_626"
"seq_id_8382"	341580	300	22	0.629241209130167	6.25766871165644	"genome_627"
"seq_id_8107"	73460	84	5	0.728091077574795	6.46298472385429	"genome_628"
"seq_id_8001"	67374	46	4	1.75026123301985	15.4022988505747	"genome_629"
"seq_id_8033"	8180	6	0	1.08766023565972	10.3194103194103	"genome_63"
"seq_id_8114"	78304	61	4	0.814871403106697	7.72014475271411	"genome_630"
"seq_id_8107"	1377	1	0	6.33312222925902	60.6060606060606	"genome_631"
"seq_id_8175"	97835	95	6	0.838734273732368	8.09815950920245	"genome_632"
"seq_id_8139"	91464	104	2	0.155500842296229	1.47420147420147	"genome_633"
"seq_id_7929"	9440	10	0	0.443374714973398	4.13223140495868	"genome_634"
"seq_id_7946"	14272	7	1	3.66144866012205	32.4705882352941	"genome_635"
"seq_id_7983"	29596	19	1	1.22802481902792	10.6502242152466	"genome_636"
"seq_id_8014"	4374	2	0	3.68531102979613	31.1258278145695	"genome_637"
"seq_id_8066"	268446	376	22	0.567881669307977	5.54838709677419	"genome_638"
"seq_id_7762"	12962	13	0	0.323373431638857	3.01204819277108	"genome_639"
"seq_id_8068"	20037	9	1	3.00304105423213	26.9931662870159	"genome_64"
"seq_id_7713"	9171	3	1	8.96151818661044	78.5219399538106	"genome_640"
"seq_id_7919"	97028	89	4	0.498316498316498	4.49029126213592	"genome_641"
"seq_id_8004"	1764	1	0	6.60881174899867	60.2923264311815	"genome_642"
"seq_id_8110"	1881	1	0	6.73211781206171	58.9944134078212	"genome_643"
"seq_id_7843"	10223	4	1	6.52434956637758	58.9867310012063	"genome_644"
"seq_id_8120"	2078	1	0	6.45243886826271	57.4686431014823	"genome_645"
"seq_id_8077"	152499	214	17	1.11901000526593	10.3911980440098	"genome_646"
"seq_id_7960"	26235	17	3	3.15789473684211	29.7029702970297	"genome_647"
"seq_id_7908"	58909	40	1	0.339425587467363	3.02325581395349	"genome_648"
"seq_id_8216"	47665	31	4	2.59245139153641	23.2611174458381	"genome_649"
"seq_id_7734"	4648	2	0	3.41949380721594	29.6728971962617	"genome_65"
"seq_id_7932"	7220	4	0	1.62358747889336	14.5180023228804	"genome_650"
"seq_id_7887"	3190	1	0	6.0794701986755	59.6103896103896	"genome_651"
"seq_id_7695"	452237	259	30	2.07598903251077	19.1105769230769	"genome_652"
"seq_id_7962"	24412	17	1	1.49580915538362	13.1818181818182	"genome_653"
"seq_id_8226"	8532	4	1	6.16271620755926	58.373786407767	"genome_654"
"seq_id_8027"	635	1	0	6.2778505897772	56.6193853427896	"genome_655"
"seq_id_7812"	44326	38	3	1.23391966395379	11.4914425427873	"genome_656"
"seq_id_7742"	64871	40	4	1.65580182529335	15.4313487241798	"genome_657"
"seq_id_8284"	20520	14	3	4.1927409261577	38.5500575373993	"genome_658"
"seq_id_7853"	72061	84	1	0.0788850907178543	0.69284064665127	"genome_659"
"seq_id_7957"	47379	33	4	2.03972088030059	19.2648922686945	"genome_66"
"seq_id_8209"	43217	26	1	0.647043897487947	5.50755939524838	"genome_660"
"seq_id_7863"	14368	8	1	2.72274063658443	24.3150684931507	"genome_661"
"seq_id_8242"	365223	519	37	0.788725109904319	7.83055198973042	"genome_662"
"seq_id_7621"	8454	3	1	8.57459481922704	77.8616352201258	"genome_663"
"seq_id_7723"	78251	57	4	1.26666666666667	10.8820160366552	"genome_664"
"seq_id_7875"	59342	36	4	1.9605245727911	18.7817258883249	"genome_665"
"seq_id_7695"	30525	24	3	2.48560962846677	22.6190476190476	"genome_666"
"seq_id_8389"	63468	41	4	1.71949185166175	16.5841584158416	"genome_667"
"seq_id_7933"	355245	232	26	1.7164570230608	16.0342717258262	"genome_668"
"seq_id_7907"	22248	14	1	1.33014099494546	12.9198966408269	"genome_669"
"seq_id_8227"	15419	7	1	3.43656082581994	31.3095238095238	"genome_67"
"seq_id_8314"	8864	6	0	1.14705503286506	9.72677595628415	"genome_670"
"seq_id_7842"	94034	84	4	0.736357659434583	6.20842572062084	"genome_671"
"seq_id_7641"	7836	5	0	1.38925294888598	12.2543352601156	"genome_672"
"seq_id_8429"	3963	3	0	2.24363037140322	20.8235294117647	"genome_673"
"seq_id_8058"	56707	31	4	1.96973649882598	19.1139240506329	"genome_674"
"seq_id_7827"	58066	35	4	2.2987012987013	21.3253012048193	"genome_675"
"seq_id_7812"	10130	3	1	8.91644908616188	78.2359679266896	"genome_676"
"seq_id_8006"	6414	4	0	1.70278637770898	15.1549942594719	"genome_677"
"seq_id_7777"	93191	88	6	1.09204368174727	10.0478468899522	"genome_678"
"seq_id_7800"	3939	3	0	2.29425103374683	21.2083847102343	"genome_679"
"seq_id_7962"	35473	22	1	0.922437313238924	7.81078107810781	"genome_68"
"seq_id_7973"	39286	23	1	0.892025029956064	8.04321728691477	"genome_680"
"seq_id_7985"	128214	141	9	0.9375	8.41121495327103	"genome_681"
"seq_id_8177"	15344	8	1	2.92091836734694	26.4739884393064	"genome_682"
"seq_id_8115"	708	1	0	6.53825995807128	59.2636579572447	"genome_683"
"seq_id_8232"	9389	3	1	8.60910358818309	79.5081967213115	"genome_684"
"seq_id_8040"	90577	81	4	0.719328626615159	6.81818181818182	"genome_685"
"seq_id_8251"	19127	13	3	4.13403517781487	38.3333333333333	"genome_686"
"seq_id_7998"	9910	4	1	5.67267152165581	57.2164948453608	"genome_687"
"seq_id_7929"	15496	13	1	1.40679953106682	13.7055837563452	"genome_688"
"seq_id_7990"	12888	13	0	0.282087447108604	2.64423076923077	"genome_689"
"seq_id_8207"	74360	53	4	1.25512295081967	11.2385321100917	"genome_69"
"seq_id_7999"	150924	245	12	0.549942447883361	4.66883821932682	"genome_690"
"seq_id_7994"	24696	20	3	3.01409185803758	26.8917345750873	"genome_691"
"seq_id_8327"	14278	7	1	3.43024738587095	31.9477434679335	"genome_692"
"seq_id_8205"	1290	1	0	5.19785816899569	54.5953360768176	"genome_693"
"seq_id_8120"	24070	16	1	1.28849375080531	13.0890052356021	"genome_694"
"seq_id_7911"	107485	104	6	1.07350340995201	9.43396226415094	"genome_695"
"seq_id_7725"	33394	26	3	2.05194805194805	20.4134366925065	"genome_696"
"seq_id_7828"	44515	26	1	0.750493745885451	6.46992054483541	"genome_697"
"seq_id_7824"	76356	57	4	1.27537740760021	11.0734463276836	"genome_698"
"seq_id_8190"	45226	44	3	0.956624295636221	10	"genome_699"
"seq_id_8065"	138902	164	9	0.693481276005548	6.22171945701357	"genome_7"
"seq_id_7675"	99319	131	6	0.626583122250367	5.73870573870574	"genome_70"
"seq_id_7726"	24553	15	3	4.37259838346363	39.9515738498789	"genome_700"
"seq_id_7712"	20216	13	1	1.73901500066375	15.3216374269006	"genome_701"
"seq_id_8160"	44013	24	4	3.0560486938879	27.5114155251142	"genome_702"
"seq_id_7870"	168826	200	14	1.00535317926622	8.85057471264368	"genome_703"
"seq_id_8082"	63718	42	4	1.78525886253507	16.260162601626	"genome_704"
"seq_id_7589"	92389	86	6	1.00725221595488	8.87573964497041	"genome_705"
"seq_id_7554"	34897	22	4	3.52628077178975	30.1822323462415	"genome_706"
"seq_id_7936"	87489	90	6	1.05303711313728	9.42528735632184	"genome_707"
"seq_id_7798"	22593	17	1	1.37813361333508	13.125	"genome_708"
"seq_id_8252"	17176	9	1	2.08789792499033	21.4002642007926	"genome_709"
"seq_id_7565"	133818	135	6	0.544561030681365	4.69644902634593	"genome_71"
"seq_id_7815"	23844	11	1	2.29538300104932	20.9832134292566	"genome_710"
"seq_id_7705"	181438	306	15	0.575173889780631	5.1497005988024	"genome_711"
"seq_id_8102"	192012	314	17	0.719516895798535	6.84596577017115	"genome_712"
"seq_id_7990"	22425	14	4	4.9668443635418	44.1108545034642	"genome_713"
"seq_id_7623"	33856	19	1	1.03655210038189	9.26829268292683	"genome_714"
"seq_id_8080"	26203	16	1	1.292194092827	11.2	"genome_715"
"seq_id_8161"	8033	4	0	1.58482722785139	14.6458583433373	"genome_716"
"seq_id_7708"	74966	53	4	1.15529285330467	10.1654846335697	"genome_717"
"seq_id_7930"	8505	3	1	8.88888888888889	80.9411764705882	"genome_718"
"seq_id_8047"	59964	38	1	0.325139810118351	3.09405940594059	"genome_719"
"seq_id_7851"	31397	23	3	2.67486960010699	23.7529691211401	"genome_72"
"seq_id_7866"	5268	4	0	1.72076652326946	15.8653846153846	"genome_720"
"seq_id_7774"	201878	303	16	0.428724544480171	4.38957475994513	"genome_721"
"seq_id_7745"	11296	4	1	6.40052356020942	56.993006993007	"genome_722"
"seq_id_8116"	30564	22	4	3.61461117474863	30.8695652173913	"genome_723"
"seq_id_8326"	17303	13	0	0.321463897131553	3.05164319248826	"genome_724"
"seq_id_7876"	6675	4	0	1.73513651441694	15.8323632130384	"genome_725"
"seq_id_8106"	35008	21	1	1.04560342655581	8.54788877445932	"genome_726"
"seq_id_7988"	28550	14	1	1.67098445595855	16.4331210191083	"genome_727"
"seq_id_7986"	26229	19	1	1.09620840856332	9.52914798206278	"genome_728"
"seq_id_8069"	40642	23	4	2.40397177946172	24.5333333333333	"genome_729"
"seq_id_7768"	4460	3	0	2.75600835945664	23.2378854625551	"genome_73"
"seq_id_8116"	45378	31	1	0.453838174273859	4.19664268585132	"genome_730"
"seq_id_8113"	70843	62	1	0.102682582466949	0.931315483119907	"genome_731"
"seq_id_8176"	18889	10	1	2.43654822335025	22.1453287197232	"genome_732"
"seq_id_8234"	207782	327	18	0.540184453227932	5.05548705302096	"genome_733"
"seq_id_7725"	25974	11	1	2.41989097194522	21.1627906976744	"genome_734"
"seq_id_7895"	38345	22	4	3.49586016559338	31.2573443008226	"genome_735"
"seq_id_7587"	138540	128	6	0.520976144776529	4.78589420654912	"genome_736"
"seq_id_8221"	9008	6	0	0.93968253968254	8.49598163030999	"genome_737"
"seq_id_7828"	36181	19	1	0.836431226765799	8.10810810810811	"genome_738"
"seq_id_8147"	8853	10	0	0.528567832871885	4.69798657718121	"genome_739"
"seq_id_8093"	25810	15	4	4.84038411627303	43.0715935334873	"genome_74"
"seq_id_7861"	116244	130	4	0.30467611604186	2.50544662309368	"genome_740"
"seq_id_7902"	81192	59	4	0.870597546497824	7.84780023781213	"genome_741"
"seq_id_8188"	86702	90	6	0.963391136801541	8.92857142857143	"genome_742"
"seq_id_7746"	416465	623	42	0.842020850040096	7.94451450189155	"genome_743"
"seq_id_7880"	5894	5	0	1.14790869507851	10.8074534161491	"genome_744"
"seq_id_8103"	15781	13	1	1.76485525647537	16.0322952710496	"genome_745"
"seq_id_7726"	5356	3	0	2.21095070880479	21.1706102117061	"genome_746"
"seq_id_8224"	3138	2	0	3.37150945824218	31.990231990232	"genome_747"
"seq_id_8107"	25470	15	1	1.4345563031611	13.5005973715651	"genome_748"
"seq_id_7661"	8556	4	0	1.67431812044288	15.3086419753086	"genome_749"
"seq_id_7761"	45040	25	4	2.82919090428345	27.020202020202	"genome_75"
"seq_id_8043"	295491	457	29	0.771175726927939	6.9954128440367	"genome_750"
"seq_id_8021"	42941	30	4	2.87001287001287	26.5160523186683	"genome_751"
"seq_id_7692"	15924	8	1	2.73360494151663	24.6737841043891	"genome_752"
"seq_id_7684"	39422	31	3	1.89163626536954	16.374269005848	"genome_753"
"seq_id_7661"	3295	2	0	3.76508020681427	31.0382513661202	"genome_754"
"seq_id_7902"	89864	72	4	0.778056178293551	7.21271393643032	"genome_755"
"seq_id_7986"	38021	30	3	1.75186298862596	16.6666666666667	"genome_756"
"seq_id_8192"	57743	37	4	2.17085940492913	18.5995623632385	"genome_757"
"seq_id_8049"	119934	113	9	1.19831445878325	11.3466334164589	"genome_758"
"seq_id_8269"	26222	21	3	2.49493414387031	24.8737373737374	"genome_759"
"seq_id_7753"	241941	387	25	0.804721030042919	7.68245838668374	"genome_76"
"seq_id_8148"	178414	227	20	0.928398829963118	8.72162485065711	"genome_760"
"seq_id_8453"	17909	13	0	0.380614057345851	3.49243306169965	"genome_761"
"seq_id_7990"	97106	146	13	1.45247049669304	13.2075471698113	"genome_762"
"seq_id_7986"	26253	15	1	1.63071391884951	14.63133640553	"genome_763"
"seq_id_7818"	41171	23	4	3.34625322997416	29.003359462486	"genome_764"
"seq_id_7994"	4781	4	0	1.62696863204477	14.367816091954	"genome_765"
"seq_id_8037"	14731	7	1	3.13284864507601	29.2954264524104	"genome_766"
"seq_id_7833"	5663	4	0	1.91601049868766	16.1147902869757	"genome_767"
"seq_id_8110"	105747	97	4	0.311082307193778	3.16205533596838	"genome_768"
"seq_id_7780"	137315	172	14	1.09167433907668	10.440251572327	"genome_769"
"seq_id_8036"	17716	8	1	2.66494178525226	24.8192771084337	"genome_77"
"seq_id_7995"	13245	7	1	4.23246181724049	33.4698055271238	"genome_770"
"seq_id_8249"	22343	13	1	1.55771195097038	16.158940397351	"genome_771"
"seq_id_7926"	162621	185	7	0.391440501043841	3.50058343057176	"genome_772"
"seq_id_7967"	10754	11	0	0.34443168771527	3.08219178082192	"genome_773"
"seq_id_8071"	19357	13	3	5.26519052523172	44.8464912280702	"genome_774"
"seq_id_8340"	56854	64	3	0.821783392616215	7.00104493207941	"genome_775"
"seq_id_7883"	28879	17	4	4.46905537459283	39.8837209302326	"genome_776"
"seq_id_8059"	150431	182	9	0.484508478898381	4.1896361631753	"genome_777"
"seq_id_7806"	67893	79	1	0.0675219446320054	0.663129973474801	"genome_778"
"seq_id_8327"	23875	13	1	1.43950201011542	14.8993288590604	"genome_779"
"seq_id_7871"	60716	39	1	0.378540660488187	2.97435897435897	"genome_78"
"seq_id_7976"	208128	286	19	0.916602117221792	8.1986143187067	"genome_780"
"seq_id_8090"	434015	616	41	0.874192322310908	8.47665847665848	"genome_781"
"seq_id_7859"	18089	13	0	0.279292459103604	2.50596658711217	"genome_782"
"seq_id_7979"	363374	233	26	2.11331518215999	18.8221709006928	"genome_783"
"seq_id_7657"	122363	117	6	0.641550641550642	5.75275397796818	"genome_784"
"seq_id_8103"	5214	4	0	1.7230376515635	16.6461159062885	"genome_785"
"seq_id_8195"	16297	13	0	0.218284540318439	2.1656050955414	"genome_786"
"seq_id_8039"	194561	265	19	1.0251976284585	8.85805763073639	"genome_787"
"seq_id_8109"	600	1	0	6.24296259226823	55.1381215469613	"genome_788"
"seq_id_8069"	26439	19	1	0.973044049967127	8.94800483675937	"genome_789"
"seq_id_7823"	15522	13	0	0.419782237964056	3.53200883002207	"genome_79"
"seq_id_7983"	14650	13	1	1.78824134825679	16.0693641618497	"genome_790"
"seq_id_7510"	203835	324	18	0.679624847084409	6.05326876513317	"genome_791"
"seq_id_8056"	285060	401	26	0.748129675810474	6.6588785046729	"genome_792"
"seq_id_7987"	77243	88	2	0.194174757281553	1.61290322580645	"genome_793"
"seq_id_8228"	3991	3	0	2.48687828042989	22.6651480637813	"genome_794"
"seq_id_7754"	23299	11	1	2.01298701298701	18.2352941176471	"genome_795"
"seq_id_8022"	20160	13	1	1.52719929319702	14.0534262485482	"genome_796"
"seq_id_8104"	34853	25	4	2.79755849440488	26.5060240963855	"genome_797"
"seq_id_8204"	10210	11	0	0.478649703992946	4.29864253393665	"genome_798"
"seq_id_7737"	102892	97	6	0.800104931794334	7.4390243902439	"genome_799"
"seq_id_7941"	9363	8	0	0.650195058517555	5.80046403712297	"genome_8"
"seq_id_8015"	3643	3	0	2.29017566688354	21.4111922141119	"genome_80"
"seq_id_7783"	4394	4	0	1.64362118445082	15.4034229828851	"genome_800"
"seq_id_8211"	6400	6	0	1.07733743747595	9.36454849498328	"genome_801"
"seq_id_8195"	37363	30	3	1.80383314543405	16.4571428571429	"genome_802"
"seq_id_7670"	417189	572	39	0.766129032258065	6.97674418604651	"genome_803"
"seq_id_8111"	4336	4	0	1.80660254743956	15.77752553916	"genome_804"
"seq_id_7665"	35236	23	1	0.867735997896398	7.70128354725788	"genome_805"
"seq_id_7831"	6564	4	0	1.95167286245353	16.461366181411	"genome_806"
"seq_id_7855"	17938	13	3	4.21243054658225	38.9021479713604	"genome_807"
"seq_id_8152"	3425	2	0	3.18339992267045	28.2608695652174	"genome_808"
"seq_id_8439"	49210	36	4	1.90056639395846	17.2966781214204	"genome_809"
"seq_id_7944"	185252	224	20	1.37429264349232	13.7837837837838	"genome_81"
"seq_id_8200"	4228	3	0	2.5554302893649	21.7484008528785	"genome_810"
"seq_id_7721"	15626	8	1	3.21854304635762	28.4210526315789	"genome_811"
"seq_id_7824"	36311	24	4	3.37197049525817	28.9592760180995	"genome_812"
"seq_id_7735"	10286	6	0	1.06578947368421	10.1758793969849	"genome_813"
"seq_id_7678"	12206	5	1	4.64867753139193	41.527446300716	"genome_814"
"seq_id_7672"	33698	23	4	2.68795741849634	25.997425997426	"genome_815"
"seq_id_7711"	14097	6	1	4.28366200861956	37.8316032295271	"genome_816"
"seq_id_7921"	49971	44	4	1.35419405732317	13.8627187079408	"genome_817"
"seq_id_7849"	6056	5	0	1.22229684351914	11.1246943765281	"genome_818"
"seq_id_7792"	105438	148	14	1.48418174716834	13.5071090047393	"genome_819"
"seq_id_7968"	137762	208	7	0.297503557107748	2.83251231527094	"genome_82"
"seq_id_7798"	12272	13	0	0.274044108051677	2.61845386533666	"genome_820"
"seq_id_7620"	230756	260	20	1.16695398488264	10.9181141439206	"genome_821"
"seq_id_7942"	61106	52	4	1.04220277920741	9.58579881656805	"genome_822"
"seq_id_7890"	321414	514	32	0.741230972865652	6.9221260815822	"genome_823"
"seq_id_8281"	3899	2	0	3.0757498729029	29.5482295482295	"genome_824"
"seq_id_7992"	124611	124	6	0.509943906170321	4.89596083231334	"genome_825"
"seq_id_8177"	117995	142	9	0.771761133603239	7.37605804111245	"genome_826"
"seq_id_8075"	47646	26	1	0.674471875795368	6.33971291866029	"genome_827"
"seq_id_7818"	13167	13	0	0.167288637241024	1.56815440289505	"genome_828"
"seq_id_8009"	7064	5	0	1.15430542656229	11.1395646606914	"genome_829"
"seq_id_8171"	70114	47	4	1.41224804211067	12.7167630057803	"genome_83"
"seq_id_8047"	563	1	0	6.2880062103765	56.7757009345794	"genome_830"
"seq_id_8246"	79737	85	6	0.941176470588235	8.27586206896552	"genome_831"
"seq_id_7877"	332707	227	26	1.71839616358066	18.041958041958	"genome_832"
"seq_id_7748"	97883	131	6	0.535260270306437	4.57142857142857	"genome_833"
"seq_id_7855"	7274	9	0	0.636604774535809	5.46697038724374	"genome_834"
"seq_id_7991"	20864	15	3	3.97990215522941	35.9188544152745	"genome_835"
"seq_id_7919"	8243	3	1	7.81374369859379	77.6021080368906	"genome_836"
"seq_id_7941"	50771	32	1	0.510137344669719	4.41676104190261	"genome_837"
"seq_id_7815"	52272	31	1	0.554748381983886	4.77272727272727	"genome_838"
"seq_id_7937"	5292	4	0	1.7272492910544	15.5995343422584	"genome_839"
"seq_id_8299"	1180	1	0	6.42683395211881	59.0588235294118	"genome_84"
"seq_id_8087"	58842	43	1	0.339071465832029	3.14769975786925	"genome_840"
"seq_id_7845"	35231	19	1	0.839234198793601	7.86240786240786	"genome_841"
"seq_id_7828"	4296	2	0	3.36949585194639	29.1069459757442	"genome_842"
"seq_id_7905"	18460	13	3	4.72273812682409	41.7350527549824	"genome_843"
"seq_id_8034"	234357	343	20	0.730022161387042	6.56506447831184	"genome_844"
"seq_id_8002"	175722	218	14	0.623943845053945	6.06060606060606	"genome_845"
"seq_id_8009"	6004	5	0	1.31544673091951	11.3866967305524	"genome_846"
"seq_id_7490"	40361	21	4	4.94076467420571	41.1434977578475	"genome_847"
"seq_id_7734"	76679	57	4	1.18296529968454	11.25	"genome_848"
"seq_id_7171"	66326	47	4	1.47517730496454	13.1645569620253	"genome_849"
"seq_id_7945"	224960	321	19	0.683870967741935	6.05714285714286	"genome_85"
"seq_id_7834"	86168	103	6	0.762337836030494	7.04573547589617	"genome_850"
"seq_id_7761"	188456	313	16	0.409511228533686	3.94904458598726	"genome_851"
"seq_id_8257"	12675	6	1	3.78283272590172	36.8421052631579	"genome_852"
"seq_id_8054"	6484	5	0	1.30793650793651	12.6691266912669	"genome_853"
"seq_id_8313"	28340	17	1	1.23599845500193	11.2412177985948	"genome_854"
"seq_id_7976"	69832	48	4	1.28305839224928	11.6251482799526	"genome_855"
"seq_id_7939"	661	1	0	6.46791963707064	59.1933570581257	"genome_856"
"seq_id_8000"	6595	3	0	2.09086215797625	18.5779816513761	"genome_857"
"seq_id_7718"	427586	642	45	0.764713915062133	7.05289672544081	"genome_858"
"seq_id_8126"	1881	1	0	6.36363636363636	57.060849598163	"genome_859"
"seq_id_8225"	150841	177	7	0.30207512477016	2.84653465346535	"genome_86"
"seq_id_7899"	3233	2	0	3.43431705406111	29.8863636363636	"genome_860"
"seq_id_7909"	3557	3	0	2.24630021141649	20.8845208845209	"genome_861"
"seq_id_7836"	56752	36	4	2.39978902953587	20.6115515288788	"genome_862"
"seq_id_7952"	92304	98	4	0.374725416720507	3.2329988851728	"genome_863"
"seq_id_7801"	2792	1	0	6.56782416439069	60.62424969988	"genome_864"
"seq_id_8151"	6246	4	0	1.63001293661061	14.1732283464567	"genome_865"
"seq_id_7958"	40574	26	1	0.675500129903871	5.98388952819333	"genome_866"
"seq_id_7926"	174592	231	18	0.958760178618335	8.85922330097087	"genome_867"
"seq_id_8083"	1024	1	0	7.02384004101512	63.2064590542099	"genome_87"
"seq_id_8232"	10714	11	0	0.332098607740452	3.25	"genome_88"
"seq_id_7851"	67090	67	4	0.800314877984781	7.26190476190476	"genome_89"
"seq_id_7873"	60812	49	4	1.17089856597816	10.920245398773	"genome_9"
"seq_id_8073"	82467	73	4	0.755601875977071	6.64375715922108	"genome_90"
"seq_id_7761"	100937	98	6	0.733464309102816	6.55737704918033	"genome_91"
"seq_id_8000"	2923	2	0	3.26471745116035	30.7028360049322	"genome_92"
"seq_id_8049"	45980	25	4	2.65327150953117	25.8469259723965	"genome_93"
"seq_id_8222"	214281	257	20	1.22615803814714	11.2244897959184	"genome_94"
"seq_id_7974"	5523	3	0	2.62036917516458	22.4557522123894	"genome_95"
"seq_id_7683"	13802	6	1	3.76393442622951	34.8300970873786	"genome_96"
"seq_id_8013"	1695	1	0	7.08032955715757	58.5729499467519	"genome_97"
"seq_id_8409"	4457	4	0	1.67310167310167	15.9118727050184	"genome_98"
"seq_id_8008"	6299	6	0	1.14702815432742	9.61748633879781	"genome_99"
