"Fragment"	"WithVars"	"MoreHomozygous"	"AUC"
12131	7800	822	88129575.3842246
12006	7835	878	93824369.2896433
11669	7588	893	96148662.2541182
11573	7560	799	89941791.6112585
11339	7262	825	90321470.979063
12196	7748	796	97819833.9558038
11896	7734	862	95577489.232721
11258	7423	807	88958217.1939523
11873	7754	783	91854068.7506168
11662	7652	801	88717066.6181359
11668	7638	911	88730996.669635
11757	7605	808	86993445.2297226
11726	7650	867	101419985.865474
11854	7640	796	90643427.0259414
11674	7659	861	89061950.6562507
11992	7680	849	90892710.2252087
11864	7764	857	88044329.7974316
11916	7761	858	88267228.8118448
11773	7630	807	97595286.8977162
11751	7593	801	95668125.0444902
11704	7670	877	90914428.7862119
12357	8108	896	90478720.7748754
11920	7814	886	90646416.1208506
11529	7478	768	90921649.5025879
11777	7495	802	86249682.361432
11902	7651	832	84775397.298204
11951	7718	797	85976174.7252114
11749	7604	836	90991974.2946481
11978	7782	880	88669011.3165339
12273	7913	824	91755555.1142049
11798	7647	800	86160453.2006893
11955	7846	905	90179169.8981162
12183	7879	923	86466653.7280453
12021	7881	781	95956192.6292937
11943	7781	853	93904780.772203
11619	7574	825	84546746.7129611
11683	7624	946	85761797.6142941
12032	7896	852	90990676.4862161
11865	7650	871	93207981.7604519
11997	7783	827	90437488.8073165
11966	7861	906	87036693.0673228
11705	7620	865	91601240.4930131
11997	7727	806	88788285.0991465
11519	7455	839	93432758.6909069
11440	7399	827	85663873.0368054
11695	7527	886	89060608.3775432
11792	7682	874	95684850.1294704
11894	7727	910	87781605.8157719
11688	7598	814	90084314.743385
11813	7625	821	95442358.8329624
11946	7718	864	85911787.7368487
12050	7796	853	92608146.3117641
11883	7707	844	93015376.5260256
11570	7472	831	94441969.9285363
11560	7500	882	90300896.7340778
11899	7783	866	84073857.8538333
11747	7687	846	91947354.5244637
12143	7814	803	92044236.6792638
11584	7445	792	90783391.770789
12188	7949	882	89894629.621863
11657	7545	797	93172284.8947713
11782	7580	885	86475857.7147343
11877	7641	849	98151960.5365597
12076	7800	789	84104681.8401708
11655	7435	791	99600973.6571789
11977	7774	893	88636593.3955886
11578	7630	900	99367915.282897
12508	8144	863	92433135.7481061
11778	7599	812	93367405.8403555
12017	7756	891	87113167.7126951
11620	7553	881	88552643.3247217
11976	7775	873	87212912.3695939
12094	7819	888	94216703.3711056
12034	7683	830	96384488.2741048
12005	7732	782	89319992.1480974
11667	7587	742	81998344.9877382
11708	7774	807	90490511.9025449
11710	7610	782	81371231.5408203
12085	7913	826	88731834.4326786
12257	7828	823	90824053.6189074
12345	8004	868	94463480.305229
11790	7613	842	89626317.9861052
12055	7904	887	88467979.5939599
12074	7888	862	86187600.3048674
12335	7977	927	89736712.702645
11936	7715	853	90843970.3756101
12283	8013	882	93539332.4682001
11913	7757	860	85498514.2422453
11725	7647	786	94831930.0002043
12120	7857	865	92418175.239989
11824	7672	779	77870131.2128891
11732	7638	786	88235413.5925304
11835	7749	847	85866923.6342843
11416	7396	813	96485573.5334665
12024	7736	821	92889429.9641459
11400	7498	901	93921409.5026759
11969	7825	844	87327006.5667242
11748	7722	824	91371590.9409397
11623	7397	772	95440915.4143966
11998	7795	841	82853477.347937
11721	7587	899	87499649.1026748
12347	8023	835	89770353.4023097
11438	7373	855	85120772.6563147
12095	7757	874	93270899.6659564
11440	7454	880	87952779.4375401
12278	7909	859	93405469.6739827
11532	7385	703	91165961.3529422
12157	7935	906	94694962.1381539
11874	7792	905	92228409.5925162
11626	7637	834	92028603.2502193
12052	7905	875	87759443.4800572
11836	7577	873	90533706.9577349
11647	7503	835	87783278.8962279
11464	7577	845	91028917.0054461
11949	7738	820	88550791.951647
12089	7789	859	90019320.8296141
11734	7587	805	91591042.7697512
11587	7521	809	90997744.2900899
12065	7763	898	86695376.6549687
12007	7784	870	88728958.2362354
11728	7587	801	81834585.3590031
11646	7489	831	94599978.8116498
12664	8119	879	92034272.1568853
11757	7621	870	95735820.3142431
11668	7618	808	97521599.168398
11891	7681	810	90035571.5225911
12024	7769	834	86011304.0783673
12197	7912	893	91910700.308904
12116	7778	897	90906160.9399972
11684	7666	821	89542579.2741686
11898	7741	850	89312993.5434865
12102	7901	903	89177245.9821457
11752	7587	915	90713759.4803399
11708	7627	812	92119664.7855477
11678	7583	861	94347017.1238401
12357	8052	851	88479439.4049711
12071	7933	898	85523073.8237226
11961	7766	801	84760168.417246
11755	7683	881	86251861.9992872
12189	7892	827	95171931.4445814
11474	7564	777	89619932.4039908
12132	7980	891	86427028.7652231
11988	7827	719	93641041.5758863
11996	7735	847	93550665.2044832
11827	7682	876	99643282.7722816
11388	7379	905	89986287.7378531
11921	7774	873	85687211.1147003
11752	7604	849	90147275.0847692
11966	7706	843	87826670.9098073
11698	7543	806	89952357.9118214
11911	7741	830	86272920.4265683
11921	7757	791	91097233.3917932
11308	7366	864	87710493.2329816
12157	7932	880	84883295.0572358
11791	7750	770	93638723.7888806
12017	7857	899	91840278.9913953
11873	7807	859	86769239.2470637
12181	7865	848	91497987.1124372
11964	7955	845	87770347.5434409
11704	7706	869	90401155.068468
11941	7879	856	88628708.1512646
11493	7436	846	91173247.7417196
11512	7417	826	85519946.6407322
11623	7487	801	83303019.6282825
12255	7930	866	102249055.743517
12001	7778	849	84632014.4850541
11826	7665	881	90801627.748029
11525	7426	821	94376572.7875739
11516	7509	793	88818646.3285401
12067	7835	894	94746625.1831429
11975	7733	850	87501676.6319611
11969	7708	816	99962281.0018824
11883	7717	841	91085890.2482859
12018	7791	848	85491070.4999774
11736	7715	839	91642460.1888551
11395	7411	767	86452677.9684726
11784	7719	813	99350608.6274298
11538	7586	847	97175454.6616539
11836	7745	893	91205988.9633471
11855	7782	863	93504294.5305217
11776	7597	798	88570376.8012451
11807	7735	869	92632994.621607
12116	7739	909	92917319.0564031
12012	7798	883	97412676.0244686
11756	7709	948	97158245.8859563
11819	7687	853	94284486.3563442
11844	7635	905	90330875.2535096
11826	7653	925	89143394.1929909
11925	7786	866	86868906.204395
11642	7528	868	91594865.0942511
11942	7739	836	87424875.0927383
11733	7595	828	89649484.4563658
11792	7711	814	91566730.0720575
11895	7773	916	93661837.3193896
11681	7458	877	96293281.2638689
11652	7565	871	87019235.4462045
11886	7691	859	93056921.8163381
11787	7714	796	90027474.3482739
12112	7844	930	90072048.48062
11929	7782	822	92909657.9430563
11613	7576	835	86869888.4649267
12298	8104	890	87284127.0709547
12302	7966	841	91018079.8323429
11613	7624	844	97003476.0543041
11839	7816	831	85786595.6139125
11645	7529	859	96162010.6044806
11948	7806	831	95287986.8519335
11655	7435	750	99677485.08693
11912	7529	871	87985404.7508984
11916	7628	919	97934129.6699512
11958	7761	858	89440415.0825779
11664	7518	806	84240054.2405339
11692	7784	918	89293723.9485077
11686	7567	798	97313671.5879784
11890	7633	857	85076521.8455821
11833	7675	803	87102615.0393707
11927	7595	864	91025649.9022469
11932	7742	859	89955341.8615161
12008	7759	867	90106253.4276637
11611	7624	824	90750705.9605502
11209	7310	818	97881515.1362251
12488	8157	949	91310016.164816
11760	7623	819	86003259.1269445
11210	7281	851	86980264.210443
11578	7520	836	85519047.4794153
11655	7477	780	92834247.0166461
11870	7734	828	88167042.4020752
11413	7493	844	96312326.3563349
12102	7892	879	87347462.7295678
11921	7648	833	92124155.3111587
11850	7630	801	89938295.7463913
11972	7686	848	87273136.9376368
12264	7908	888	86817480.4250041
11782	7661	842	90843584.2251342
12109	7849	818	87407383.0162448
11885	7666	825	96803430.5359048
11861	7758	873	93877007.0615299
12136	7791	884	86434997.0781937
11664	7613	944	90925521.0797692
11972	7798	919	97303741.9613133
11478	7489	771	90422120.8032469
12235	7905	985	92889897.3208467
11858	7707	789	92932731.610526
12031	7785	879	88023500.1545729
11685	7509	808	85292927.1352542
12371	7979	907	87781143.3011311
12268	8037	906	90374358.3182288
11473	7547	846	87099137.9465627
11441	7452	823	93162145.697954
12038	7714	885	85777351.7531144
11864	7629	853	88643958.8248116
11761	7608	823	87666164.7121125
11578	7681	801	92377659.5873985
12041	7755	878	92002490.0620532
11825	7625	853	88236074.7401365
12009	7888	822	96849931.3659307
11753	7642	744	89900828.7842036
11495	7385	834	88821531.3513174
12078	7878	889	85423703.329144
12411	7828	794	92545090.2790264
11245	7365	818	88630990.913812
12131	7923	882	87356432.7432384
11721	7542	825	86449712.6261176
11771	7584	836	91582531.5729501
11506	7464	736	92422821.4297788
11895	7632	795	85929383.8869707
11391	7487	804	88212904.7596439
11632	7423	878	87053662.6860782
11985	7748	870	90968590.2030397
11798	7746	861	92764492.7385976
11458	7479	821	93229304.7738534
11678	7579	811	91419582.8335566
11740	7543	826	93006294.4999185
12042	7777	809	90269250.6793098
11952	7695	749	88172409.83596
11887	7748	857	85305037.8594388
11433	7456	879	94107795.5817256
11234	7249	823	85821872.8817156
11992	7768	846	101392719.122419
12149	7958	855	88513872.5903453
11903	7532	875	90820034.6197445
11550	7367	766	93765042.5041823
12044	7879	850	91759115.3439946
11836	7606	791	88351434.2889599
11657	7504	863	81881271.8342966
12087	7857	842	98134376.1286756
11544	7537	799	86917895.978045
11808	7635	846	90607017.4929696
11883	7731	936	89627665.494026
12081	7796	823	85574270.2246139
11774	7641	864	94934730.6448133
12130	7842	800	80832217.6043158
11668	7669	789	95925191.852928
12109	7836	841	94698295.0540353
11713	7713	824	88465054.8246341
11709	7651	839	97180940.2142633
11585	7529	853	88233446.4244003
11822	7647	823	91981418.8860876
12025	7837	863	102721459.822005
11730	7513	851	90785580.199909
12137	7834	906	87122180.3022277
12332	7985	846	92949109.5413204
11838	7706	950	94518365.3622815
11992	7728	864	84115695.294142
11820	7659	851	87486518.0548224
12047	7882	887	90002711.367541
11919	7801	824	92358429.3149129
12101	7849	914	89924278.1414484
11555	7569	854	87987419.9392917
12212	8023	840	92214227.4827061
11693	7509	713	88570959.4841824
11951	7776	881	96325055.2560748
11515	7547	745	85597990.2388925
12092	7827	814	86148341.0863742
11668	7507	860	88806167.0796883
12255	7829	821	100016439.962738
12284	7821	895	98539243.7880309
11966	7836	892	93126586.5206559
11622	7537	823	95897510.4385233
12156	7911	925	88017584.0573331
11706	7649	827	93705159.3015875
12137	7821	926	92071387.2980728
11885	7774	858	90128052.809387
12062	7780	817	92043562.43781
12062	7911	824	86413183.6395233
11878	7666	799	85213688.1929225
11767	7631	847	88585873.6746582
11920	7675	862	90313692.2193684
11961	7815	857	93895817.4183388
11909	7562	807	90732528.2246686
12032	7839	880	91489137.5053312
12053	7873	812	98556159.808546
11805	7706	811	96283457.4276318
11985	7784	864	90045098.2571489
12166	7953	806	96547295.8701986
11780	7676	907	86662229.2064493
12124	7886	906	93710205.7513402
11678	7588	816	90102328.4427627
11961	7776	802	93074101.0298822
11735	7805	853	87188854.4420324
11816	7730	828	95811911.8740073
11436	7482	807	92723343.8065312
11715	7628	820	93611055.7374156
11832	7590	792	91473934.5842526
12084	7839	915	86592665.1337712
11556	7515	832	86951764.1946284
11130	7292	777	97680755.7759868
11532	7398	809	85690888.1219902
11972	7777	914	92666721.1137024
12270	7949	846	87556989.6847392
11182	7346	807	87857352.3758096
12124	7993	850	92338345.4924523
12129	7854	899	91190704.4693326
12169	7870	892	82963171.8859571
12027	7795	818	95856273.4640339
11865	7707	887	98907830.4154122
11705	7598	784	94769437.1277566
12160	7849	842	90260931.1785583
11953	7789	789	89812852.3196024
11278	7383	743	90086463.1658824
11768	7686	890	88865432.910549
11780	7663	847	83477970.023182
12196	8014	903	89569420.382805
11873	7761	856	93878981.2300786
12132	7896	880	91269328.0990727
11733	7764	853	89505008.147766
11704	7529	778	86784781.4928546
12050	7852	838	87672955.4579004
12005	7724	761	80970564.0616691
11558	7493	823	86038821.7248747
11826	7744	832	90105272.0867832
11465	7491	778	89484640.2893953
11884	7637	883	91630288.5955893
12169	7954	855	84963709.9736053
11889	7697	820	96015543.1572908
11833	7535	809	96367550.1211714
12374	7964	825	90650278.6797127
11397	7474	886	87859762.8133036
11983	7779	802	92068190.0793435
11860	7809	905	89565764.8507278
11503	7500	773	90497926.3544423
11896	7720	836	89308675.0861453
11783	7646	865	95070476.8063431
12168	7793	886	99601904.2480862
12029	7799	761	86455758.4459188
11413	7389	801	92670849.6685292
12078	7890	823	99859862.6294523
12209	7823	822	94302562.9927889
11946	7817	840	87282426.3337349
11812	7802	751	92749997.5604476
11722	7668	785	89388880.978736
12023	7800	820	82813918.3907137
11533	7468	822	84506926.1556251
11930	7742	827	87438558.8674517
11618	7562	771	90151769.2413574
11923	7688	888	94366478.8279021
12445	7995	904	93166507.5610197
11929	7691	855	89100189.580947
11733	7623	831	90356975.3844382
12080	7870	827	87118374.4827689
11606	7615	871	91605447.6556958
11839	7600	837	89456921.6416188
11863	7733	854	105962045.983196
11753	7626	806	86250993.465037
11649	7466	803	85051693.3001592
11707	7636	877	87440699.9533541
11803	7636	853	99473041.7234652
11619	7493	824	93036705.0975334
11517	7525	875	87247977.3971116
12025	7770	806	89045774.6844414
12272	7909	937	87969646.1103352
11772	7580	857	89601717.8805133
12179	7858	842	94091645.4030362
11949	7644	853	92556194.8306981
11945	7611	863	97008533.6643822
11908	7709	844	93430848.8319811
12042	7584	805	89319023.3520957
12028	7760	838	81762765.9902963
11572	7608	784	89149944.5937454
12190	8014	858	89575527.6170622
11722	7667	881	94626736.5824201
11358	7401	859	83425175.6225239
11994	7814	859	94408097.6470422
11423	7529	821	95634109.4466423
12549	8076	941	87024942.5731431
11715	7658	794	85731539.7986197
11854	7751	813	100742678.819493
11771	7593	779	91756127.5632272
11702	7643	904	88720804.1327765
11825	7751	868	94006494.1708007
12190	7960	858	94043880.8081553
11793	7743	868	93730406.1865258
11721	7597	789	93794619.0101837
11755	7636	817	87473945.1259217
11668	7500	830	93032957.9607903
11768	7653	774	90711930.5544379
11459	7545	873	98347968.7283664
11723	7649	828	91482368.4568956
11914	7897	922	96314163.9420352
11924	7835	881	89059800.0958389
11691	7571	836	91574449.6352713
11594	7553	826	90594658.1572223
11661	7502	805	85533804.2910537
12063	7912	881	89082819.4989445
12041	7840	903	87349613.3775745
12071	7734	856	98013536.48821
12090	7804	903	91681646.6956794
11794	7668	835	92324744.2873073
11802	7704	848	82476806.9231095
11845	7685	884	92327785.9220352
11858	7664	813	90167500.3275727
11502	7425	764	90781674.1582899
11909	7898	809	94680180.0568039
12091	7703	901	92335397.0371567
11649	7459	849	88892058.4456446
12099	7812	781	97146999.6880698
12196	7883	815	89430816.8372619
11537	7546	799	95111474.3110727
11734	7721	882	90575082.6490264
12011	7699	865	87720451.7763169
12001	7747	866	98287078.6315967
11887	7647	837	90119567.4941697
11749	7696	809	90477334.1351841
11588	7486	876	89537377.9907829
12081	7680	866	84711563.7689298
11959	7748	835	94183837.4928717
11932	7699	892	89853346.1066919
11720	7619	851	86081360.3003462
11910	7847	932	85759668.161162
11304	7414	786	88731725.1289107
12098	7781	846	101742567.685885
11839	7776	937	88619355.7808658
12014	7697	872	91403951.9477176
11498	7562	812	90598355.8146466
11996	7788	909	82067375.1139464
11721	7597	837	85273250.2453493
11495	7428	727	89785692.5676467
11849	7605	900	92699642.4110058
12262	7924	870	92686202.7903675
11592	7549	878	93278905.3079085
11894	7817	882	91226012.700776
11716	7537	805	87805790.2586903
11977	7733	862	91715251.0185758
12128	7851	797	96299855.5450585
11650	7471	802	93918271.6015896
11687	7554	823	90073953.2796984
11523	7495	893	89850894.0471451
11975	7645	745	96494772.0112696
12016	7624	799	95988006.7193079
11965	7726	887	88199125.7522842
11957	7837	827	88252971.6479776
11759	7589	863	97761231.9516996
11943	7867	851	89186681.2322246
11611	7657	826	103274338.40054
12120	7792	874	85145798.4607205
11993	7691	796	92703995.6065397
11829	7587	836	92797318.9208852
12112	7800	911	94410689.5837973
12406	7932	825	85967009.3938268
11674	7587	820	100733627.301456
11526	7522	837	83424313.9158911
11799	7742	769	96199245.1610399
11856	7679	862	90016792.4628491
11610	7556	814	88504456.4874252
11366	7404	841	88952295.7537727
12182	7888	804	99422632.535417
12228	7919	885	86407249.8084332
11937	7642	830	82451492.4008533
11815	7685	796	94882427.1420157
11499	7522	884	88720977.047421
12435	8045	899	86565475.6289581
12247	7930	867	89574298.9277769
11687	7579	881	87402588.2976382
11920	7767	871	102079185.256065
11666	7568	782	93407607.8220053
11840	7643	836	94631798.2303742
11729	7597	858	95538674.6289703
12107	7772	841	97809934.1865923
11909	7598	861	94866922.704842
12205	7884	868	88813216.1752826
12092	7717	781	94123476.4428129
11583	7562	840	87583601.5544726
12040	7789	854	84217093.8134155
12143	7945	924	83966141.8250636
11815	7717	932	94386395.2916237
11522	7461	835	88516876.2547875
11392	7553	868	96537465.8244507
11592	7560	748	88536345.5584979
12015	7848	833	93740584.6612021
11558	7437	850	85999952.3769635
11585	7418	769	87767701.1940139
12106	7894	846	86467399.3731288
11722	7535	847	90577251.6934298
12051	7761	805	88176107.1195365
11717	7560	820	94273243.235365
11932	7729	819	98138149.2115508
11939	7756	842	82988607.2260723
11490	7456	778	87194369.5861494
11965	7800	918	84565191.8864842
12005	7805	862	91111240.387445
12204	7868	860	90188955.6232155
11912	7652	798	84217426.9211354
11782	7590	805	90305489.7676191
11712	7608	817	93502989.3364395
11977	7690	837	91109566.3613404
12299	7947	858	91720354.2506893
12116	7897	922	87479464.4358134
11971	7690	815	86895482.0074662
12001	7770	881	87690368.3344832
11882	7720	882	93372848.7928122
11844	7737	848	85548773.9414717
12067	7744	899	95433829.5868869
11445	7503	794	88373832.4122797
11900	7763	871	100344556.741972
12081	7719	867	93585119.0124765
12335	7878	861	91655413.9367961
11945	7692	884	90401114.7429129
11803	7810	852	94785454.0591413
11862	7703	854	98521194.4462406
11672	7561	806	97276018.0371882
11729	7718	861	90252230.6791664
11679	7521	814	87657525.7233351
11787	7595	820	87399467.7724189
11998	7839	825	90449576.3454446
11664	7620	902	90826541.4181417
11700	7707	882	94476842.8889258
11672	7516	877	89710968.558262
11636	7552	809	100237673.439742
11907	7713	882	86082079.3452004
11762	7566	852	85322281.997346
11801	7664	812	88023788.1169985
11326	7301	727	86891299.2688341
11962	7719	846	86354595.9794996
11551	7536	801	92642015.7150892
11766	7627	818	87596817.9150424
11707	7563	843	84421312.9150388
11958	7831	860	91298737.2019606
12279	7821	954	89360695.236763
11595	7407	853	95098011.2721882
11879	7621	765	92255621.3354466
11388	7386	731	90890511.4340676
11191	7288	769	86493770.2290826
12107	7831	849	83573135.4343604
11660	7560	844	87374267.7869269
11671	7564	865	91873384.4834809
11985	7697	834	90496935.2550991
12330	8105	815	88916316.4953398
11740	7554	851	92111596.4921684
11769	7656	870	88006667.7917844
12022	7723	814	98137704.4191682
12103	7854	829	84571796.0639629
12149	7895	825	94262176.0252366
12142	7869	815	102023292.171186
12094	7717	814	92320566.5461381
12112	7894	847	93510770.4087913
11685	7538	850	82849145.0175172
11908	7736	892	89460733.1239825
11921	7652	906	95005484.4975853
11909	7572	775	103847281.628277
11868	7731	830	88292758.6283034
12155	7892	878	87613676.6573515
11645	7588	866	91948623.5360157
11453	7425	824	92763260.6001362
11560	7490	821	93827227.7518641
12180	7843	895	92606250.438998
11574	7495	829	120118094.972728
12058	7811	877	93685605.634947
11761	7596	818	94648697.1719236
11770	7600	808	83367994.9679721
11804	7660	860	92232043.9233355
12037	7869	877	87731630.597078
11604	7428	856	92508478.899392
11911	7699	861	87590539.2453223
11731	7550	770	90563242.534415
11784	7659	832	88941179.1333449
11796	7755	880	91856749.5454655
11988	7805	824	88181555.5404913
11763	7630	846	83536520.3192036
11761	7618	818	85035698.2383247
11651	7670	823	93870041.47327
12052	7990	869	88204572.9471724
11671	7606	866	97098775.9962946
11559	7452	789	88753481.0251551
12067	7882	926	88603412.6281448
11886	7823	876	87767661.9766421
11829	7734	779	95551442.1117586
11221	7219	795	89330678.292207
11417	7500	873	95064414.7420891
11580	7549	788	92840262.0909203
11649	7644	840	99107165.4601981
12052	7793	808	93494657.8658662
11624	7632	817	93495557.2901052
11731	7518	774	90000350.2868902
11913	7653	840	89169778.676275
12141	7759	915	83383134.1147005
11739	7605	902	86940296.1164832
11678	7630	865	84455094.821041
12165	7889	850	92817937.1280088
11938	7666	790	87026767.5968029
11965	7700	830	96411173.3628367
11855	7660	873	92700505.2400899
12060	7752	871	84713516.6666337
11733	7692	836	90391607.945491
11663	7497	811	83628827.0630442
11855	7697	909	87715679.381526
11657	7511	833	90931311.4710032
11970	7680	856	89558582.575812
12007	7840	865	85961884.1822637
11814	7632	842	92577116.4379218
12113	7887	854	85774564.4533222
11746	7507	792	89303786.6210599
12158	7789	840	92998765.0293863
11942	7827	776	97950779.44383
11631	7677	788	92323522.7065646
11978	7799	832	89836270.8193063
11930	7808	872	90762695.8158994
12119	7819	921	94726919.5258344
11789	7664	859	87238612.8042346
12159	7842	842	86470480.4567357
12029	7657	729	86576613.2655545
11891	7761	764	98532845.8928317
12003	7918	901	89194536.6704193
11840	7700	774	95353384.7096055
11622	7595	881	85405242.5033201
11889	7684	885	88618969.6832396
11906	7631	730	98374558.0956667
12174	7931	884	93839942.7087618
11553	7501	819	89591409.2181779
11554	7547	826	90069949.8041184
11606	7533	855	86728419.0912031
12130	7886	876	87206713.1293549
11838	7659	870	90159349.0317843
12156	7842	861	87143052.1865698
11356	7446	845	91696815.5334031
11314	7515	878	91279765.3426103
11882	7787	870	85562349.0240833
11645	7619	800	94156873.8557227
12029	7759	757	91628690.0818889
11456	7529	873	86564067.938517
11758	7624	834	86807548.8682196
11711	7476	835	81315264.0249093
12063	7783	818	95797206.9183215
11878	7691	866	114222476.236277
11512	7332	820	95160812.2565838
11646	7584	875	89881566.8805275
11987	7698	833	92220638.0438975
11494	7444	846	95236114.1855503
11692	7740	850	91768070.5320354
11942	7689	808	93509265.4808104
11626	7477	842	87361946.1727696
11735	7671	832	90625277.8346693
11476	7464	729	90438391.9509797
11748	7640	858	90935063.9512542
12111	7857	920	90800965.2558255
12412	8088	852	88469454.3293028
11996	7838	859	92150561.6686947
12282	7938	971	90323655.3701695
11790	7720	785	99206229.6172532
11868	7754	892	100040454.4141
11834	7654	750	89868162.7796891
11720	7656	908	91829236.5786101
11913	7712	834	92847579.2624763
11870	7791	859	87532867.5096658
12136	7880	867	89314987.7954791
11975	7590	811	89384746.5827839
11462	7521	860	92295972.9370438
11730	7609	851	85533180.803414
11399	7294	794	86114526.1967813
12039	7875	871	85273487.0960022
11737	7532	777	95681760.9932042
12114	7946	894	94942119.8108296
11967	7706	866	89250897.7797424
11765	7549	918	89005624.7689712
11600	7581	841	86537129.6548715
12149	7785	840	90710593.3960236
11499	7482	793	91118902.3103931
11631	7579	805	88471817.6197807
12058	7876	867	90486338.1909647
11838	7689	803	88784008.9315494
11982	7771	819	91970867.8058902
12053	7877	837	87774231.1899743
11303	7406	810	92596067.0628647
11622	7564	792	89982581.431155
12277	7910	872	92043325.5905048
12023	7770	841	98237486.1668032
11599	7609	843	94756443.5148849
11570	7401	855	88088962.4761545
11685	7543	915	94970344.3840186
11613	7583	818	87271999.0209561
12015	7649	804	96656091.1202998
12064	7831	914	89631860.065041
11842	7594	802	95836663.7633632
12085	7896	792	95792174.3771314
11572	7456	781	85736635.827261
12150	7863	837	90415735.0667318
12128	7882	859	84475250.260243
12002	7711	848	93334623.7635865
11877	7788	868	86811279.588611
11891	7740	893	98404201.4046045
11788	7683	870	89802981.0233845
11778	7565	809	85958639.6471992
11800	7620	906	88954960.8302965
11939	7715	759	93665794.9789869
11668	7603	795	93897612.0552305
11904	7730	830	92644428.9173754
11941	7726	977	93272098.4688526
12110	7832	755	84927164.9981318
11927	7664	857	88535213.0610072
11969	7839	876	89982939.3558078
12044	7768	912	88177184.3667549
12757	8153	957	92739683.7503427
11917	7675	860	94686517.0682671
12196	7843	907	87028986.8526486
11644	7405	754	92203380.102033
11876	7711	745	89178774.0122031
11870	7661	975	89552406.1606263
11945	7746	866	91066825.556555
11973	7893	814	83181752.0007061
11638	7519	838	88355686.8589141
11751	7713	866	86976764.9135887
11369	7326	817	97220052.8387581
11909	7835	811	89098699.7305382
12081	7788	785	91956942.8344353
12339	8096	937	97152152.0638191
12347	7993	905	91582422.9564686
11901	7605	827	98466517.0879112
11963	7623	906	90362307.8252292
11984	7773	865	92331623.3868874
11336	7357	826	92513294.7142417
11954	7619	856	89326586.479307
11966	7725	930	91973503.7184501
12237	8002	878	91448234.0966821
11521	7700	850	98400504.688487
12017	7923	861	90580657.9268574
11910	7864	830	89238291.5489082
12318	7939	884	89925506.1723087
11749	7624	820	93276751.8878407
11887	7690	862	84439064.1232726
11924	7685	822	89135532.8400794
11790	7666	818	93016576.775773
12061	7797	897	88137269.6587783
12282	7983	875	92551611.0230015
11463	7440	817	85604623.5043806
11915	7694	881	88570322.0006604
11517	7606	857	91033650.1917655
11763	7532	893	89061511.3002939
11871	7739	838	92404934.9437326
11913	7759	874	93415696.247067
12401	7945	873	93046009.3538677
11371	7422	740	90310984.2175419
12286	7983	938	83757163.7534459
11562	7550	855	93415140.546416
11717	7592	884	93336867.9692338
11617	7600	796	89124991.8058132
11503	7486	838	83501320.5161531
11587	7515	777	82869422.1950981
11693	7657	867	84164196.2867433
11716	7606	743	87787904.8301262
11442	7445	818	89370456.0000332
11861	7681	844	91277378.8579567
12010	7731	812	91870606.7114941
11774	7663	802	87341718.7365394
11502	7541	806	89284635.6152563
12008	7772	845	91540395.215775
11800	7555	809	89757045.3191224
12216	7868	819	89075115.4220904
11900	7844	817	84057595.4325635
12188	7904	827	94110675.0642699
12074	7858	836	86963619.6004514
11837	7771	829	86994012.7382497
11629	7537	781	80297614.6055768
12067	7789	865	88565139.9101718
11839	7729	856	90119742.6376038
11913	7650	870	90402597.6982569
11580	7507	715	83186880.9860395
11693	7473	875	91145315.4224421
11616	7540	878	90686363.4565676
11670	7563	838	92507101.9762889
11725	7538	759	93988907.3662729
11850	7645	883	92184369.3174874
11621	7571	880	91320586.195295
11881	7758	859	91291501.8411524
12079	7811	850	89743888.3873056
11727	7668	826	93488855.2771701
11783	7626	814	89205191.9320172
11888	7835	907	92208522.931184
11638	7538	853	92470101.4526676
11856	7671	853	93185127.4276219
11899	7693	792	86595069.7095054
11833	7678	887	89773267.8276924
11368	7428	892	96668218.1459726
11593	7608	800	90736987.307701
10805	7050	790	89719627.1858397
11948	7750	875	88610807.700785
11643	7477	809	88495545.0753625
11666	7570	785	84947444.1891379
12266	7957	817	89468042.220825
12033	7875	813	87537654.980589
12128	7767	854	87309918.9343764
11741	7638	843	85075148.6810222
11835	7715	843	90440353.4554328
12097	7748	872	90645884.643349
11385	7323	794	84858765.1616371
12172	7810	871	89009653.6404089
11813	7614	808	83565197.1767164
11993	7658	880	89730177.3056143
11609	7568	814	87428508.6320614
11638	7584	883	88978301.9632967
11924	7739	897	96953670.4986352
11827	7689	833	83919312.1120037
11957	7730	889	86939411.8802446
11733	7698	869	101163164.320748
11728	7614	824	98280059.4262655
11876	7802	867	85542488.0173341
12102	7829	800	85459620.9769922
11719	7622	840	87998062.173014
11775	7601	815	96720273.4449877
11869	7676	873	93422925.4072367
11825	7635	854	92492059.1210925
11727	7627	811	90847194.4189926
11955	7764	797	83590082.0695556
12401	8074	882	94142375.5910195
12032	7747	904	90108523.1749267
11627	7625	824	82756005.095042
11961	7768	939	88810443.708901
11962	7770	817	91691844.117807
11971	7672	915	90915154.5769388
