position	numhm	numht
1000000	326	411
2000000	110	230
3000000	149	389
4000000	85	149
5000000	58	148
6000000	95	176
7000000	65	79
8000000	52	58
9000000	54	39
10000000	58	68
11000000	100	120
12000000	205	275
13000000	89	159
14000000	38	52
15000000	91	70
16000000	26	20
17000000	15	29
18000000	14	7
19000000	86	95
20000000	174	179
21000000	39	31
22000000	11	13
23000000	69	70
24000000	67	93
25000000	8	1
26000000	0	0
27000000	21	20
28000000	129	140
29000000	62	71
30000000	9	7
31000000	62	58
32000000	36	45
33000000	0	0
34000000	0	0
35000000	107	89
36000000	30	23
37000000	250	280
38000000	156	112
39000000	97	91
40000000	11	7
41000000	46	61
42000000	269	262
43000000	60	74
44000000	21	22
45000000	54	59
46000000	37	40
47000000	170	186
48000000	106	140
49000000	94	123
50000000	102	107
51000000	116	118
52000000	0	0
53000000	1	0
54000000	11	29
55000000	36	32
56000000	31	20
57000000	28	27
58000000	3	7
59000000	6	6
60000000	168	177
61000000	216	170
62000000	207	172
63000000	66	93
64000000	88	85
65000000	270	306
66000000	174	105
67000000	190	208
68000000	1	4
69000000	0	0
70000000	20	21
71000000	0	0
72000000	119	104
73000000	92	84
74000000	8	12
75000000	42	97
76000000	173	163
77000000	194	177
78000000	26	14
79000000	105	101
80000000	12	36
81000000	2	3
82000000	0	0
83000000	7	1
84000000	13	25
85000000	11	13
86000000	0	0
87000000	31	23
88000000	59	63
89000000	18	26
90000000	0	0
91000000	8	9
92000000	42	67
93000000	149	122
94000000	0	0
95000000	11	4
96000000	36	16
97000000	149	160
98000000	0	0
99000000	0	0
100000000	17	17
101000000	1	0
102000000	0	0
103000000	9	11
104000000	0	0
105000000	5	4
106000000	12	8
107000000	0	0
108000000	5	2
109000000	163	148
110000000	47	41
111000000	7	2
112000000	0	0
113000000	0	0
114000000	3	4
115000000	1	6
116000000	0	0
117000000	5	2
118000000	0	0
119000000	6	15
120000000	20	10
121000000	0	0
122000000	7	5
123000000	64	52
124000000	63	26
125000000	85	96
126000000	192	184
127000000	26	62
128000000	19	32
129000000	23	72
130000000	26	43
131000000	29	119
132000000	34	23
133000000	48	34
134000000	41	48
135000000	48	46
136000000	95	112
137000000	83	111
138000000	65	80
139000000	67	127
140000000	142	166
141000000	169	207
142000000	155	228
143000000	205	197
144000000	328	351
145000000	484	508
146000000	310	360
147000000	142	120
148000000	73	37
149000000	91	67
150000000	132	112
151000000	164	184
152000000	53	57
153000000	198	223
154000000	43	25
155000000	80	38
156000000	93	79
157000000	88	59
158000000	63	27
159000000	72	49
160000000	96	92
161000000	91	41
162000000	95	66
163000000	129	86
164000000	92	64
165000000	88	41
166000000	82	96
167000000	119	80
168000000	117	115
169000000	146	141
170000000	227	282
171000000	311	251
172000000	19	22
173000000	251	215
174000000	30	36
175000000	0	0
176000000	2	0
177000000	3	1
178000000	29	22
179000000	47	29
180000000	91	104
181000000	250	215
182000000	14	10
183000000	7	11
184000000	26	31
185000000	4	1
186000000	0	0
187000000	6	16
188000000	25	34
189000000	214	197
190000000	0	0
191000000	0	0
192000000	1	1
193000000	17	14
194000000	0	0
195000000	17	22
196000000	0	0
197000000	20	24
198000000	4	5
199000000	1	1
200000000	0	0
201000000	0	0
202000000	4	3
203000000	8	7
204000000	0	0
205000000	30	22
206000000	5	10
207000000	0	0
208000000	4	2
209000000	24	9
210000000	0	0
211000000	5	11
212000000	151	143
213000000	2	2
214000000	0	0
215000000	18	7
216000000	10	7
217000000	1	1
218000000	0	4
219000000	7	20
220000000	18	10
221000000	0	3
222000000	8	3
223000000	0	0
224000000	0	0
225000000	12	12
226000000	8	3
227000000	0	0
228000000	3	1
229000000	3	6
230000000	8	8
231000000	2	7
232000000	3	14
233000000	22	18
234000000	66	67
235000000	0	0
236000000	19	19
237000000	0	0
238000000	0	0
239000000	6	3
240000000	63	53
241000000	4	3
242000000	0	0
243000000	31	36
244000000	189	157
245000000	13	20
246000000	6	1
247000000	21	23
248000000	21	19
249000000	47	39
250000000	16	20
251000000	1	3
252000000	10	16
253000000	21	14
254000000	0	0
255000000	7	18
256000000	23	13
257000000	0	0
258000000	0	0
259000000	11	7
260000000	6	1
261000000	1	0
262000000	11	7
263000000	12	9
264000000	50	50
265000000	0	0
266000000	0	0
267000000	0	5
268000000	31	26
269000000	1	0
270000000	2	3
271000000	26	30
272000000	102	90
273000000	78	58
274000000	42	32
275000000	9	10
276000000	79	42
277000000	51	70
278000000	4	2
279000000	42	63
280000000	81	79
281000000	59	22
282000000	62	55
283000000	3	7
284000000	78	53
285000000	86	63
286000000	182	142
287000000	70	43
288000000	18	22
289000000	9	14
290000000	2	5
291000000	48	68
292000000	11	12
293000000	31	22
294000000	140	109
295000000	0	0
296000000	68	61
297000000	178	112
298000000	78	61
299000000	34	6
300000000	65	66
301000000	0	2
302000000	2	3
303000000	11	14
304000000	8	23
305000000	44	48
306000000	59	60
307000000	100	80
308000000	0	0
309000000	2	1
310000000	191	106
311000000	175	81
312000000	208	138
313000000	159	146
314000000	48	28
315000000	69	36
316000000	62	36
317000000	40	48
318000000	56	33
319000000	97	28
320000000	35	17
321000000	17	17
322000000	49	49
323000000	34	30
324000000	1	7
325000000	2	2
326000000	9	9
327000000	0	0
328000000	9	22
329000000	35	24
330000000	23	9
331000000	28	52
332000000	28	25
333000000	0	0
334000000	9	12
335000000	56	41
336000000	45	56
337000000	2	2
338000000	0	0
339000000	0	0
340000000	33	30
341000000	33	38
342000000	27	13
343000000	42	41
344000000	12	3
345000000	40	30
346000000	0	0
347000000	10	9
348000000	3	11
349000000	1	0
350000000	8	13
351000000	4	4
352000000	73	74
353000000	16	19
354000000	0	0
355000000	7	1
356000000	0	0
357000000	4	0
358000000	11	8
359000000	2	1
360000000	21	41
361000000	0	0
362000000	55	54
363000000	154	87
364000000	187	201
365000000	106	55
366000000	89	103
367000000	8	5
368000000	0	0
369000000	86	51
370000000	41	25
371000000	147	92
372000000	78	92
373000000	41	16
374000000	11	8
375000000	44	71
376000000	13	3
377000000	35	26
378000000	3	9
379000000	9	9
380000000	6	2
381000000	5	8
382000000	15	13
383000000	0	1
384000000	14	6
385000000	14	12
386000000	15	27
387000000	2	7
388000000	0	0
389000000	9	9
390000000	16	25
391000000	1	1
392000000	49	57
393000000	10	31
394000000	5	22
395000000	1	0
396000000	30	46
397000000	0	0
398000000	27	26
399000000	73	50
400000000	12	13
401000000	20	9
402000000	11	7
403000000	76	43
404000000	28	14
405000000	69	48
406000000	7	16
407000000	34	44
408000000	53	28
409000000	1	5
410000000	52	33
411000000	45	36
412000000	38	13
413000000	183	160
414000000	62	102
415000000	83	155
416000000	81	119
417000000	169	121
418000000	5	1
419000000	59	41
420000000	172	94
421000000	8	4
422000000	0	2
423000000	25	23
424000000	60	61
425000000	17	21
426000000	55	54
427000000	0	0
428000000	174	68
429000000	178	136
430000000	223	155
431000000	134	167
432000000	69	69
433000000	12	11
434000000	3	8
435000000	35	54
436000000	143	231
437000000	53	69
438000000	43	101
439000000	64	102
440000000	52	106
441000000	44	28
442000000	10	18
443000000	15	16
444000000	6	9
445000000	69	129
446000000	41	128
447000000	4	5
448000000	4	71
449000000	14	45
450000000	168	195
451000000	26	51
452000000	37	133
453000000	0	0
454000000	59	106
455000000	51	25
456000000	139	284
457000000	194	288
458000000	88	171
459000000	129	316
460000000	39	86
461000000	81	121
462000000	224	472
463000000	53	182
464000000	35	122
465000000	45	134
466000000	65	349
467000000	249	574
468000000	28	51
469000000	74	197
470000000	54	90
471000000	142	65
472000000	240	182
473000000	470	349
474000000	161	149
475000000	298	188
476000000	74	52
477000000	98	144
478000000	33	40
479000000	171	239
480000000	315	422
481000000	104	183
482000000	250	315
483000000	118	134
484000000	53	128
485000000	139	181
486000000	0	0
487000000	224	113
488000000	45	48
489000000	9	7
490000000	6	1
491000000	41	54
492000000	191	246
493000000	161	173
494000000	73	48
495000000	9	11
496000000	32	22
497000000	0	0
498000000	15	12
499000000	17	3
500000000	19	11
501000000	14	16
502000000	40	27
503000000	145	80
504000000	6	20
505000000	152	139
506000000	35	28
507000000	26	21
508000000	11	8
509000000	0	0
510000000	15	5
511000000	80	115
512000000	201	334
513000000	23	22
514000000	11	24
515000000	42	89
516000000	53	65
517000000	40	56
518000000	108	152
519000000	1	2
520000000	0	0
521000000	5	9
522000000	50	66
523000000	0	0
524000000	18	32
525000000	63	46
526000000	67	74
527000000	138	113
528000000	0	0
529000000	20	19
530000000	0	0
531000000	4	8
532000000	0	0
533000000	0	0
534000000	45	78
535000000	3	16
536000000	145	215
537000000	61	51
538000000	105	111
539000000	37	24
540000000	100	156
541000000	14	5
542000000	0	0
543000000	122	116
544000000	11	1
545000000	120	130
546000000	69	65
547000000	66	96
548000000	150	111
549000000	40	46
550000000	17	10
551000000	83	85
552000000	279	310
553000000	59	47
554000000	134	151
555000000	65	85
556000000	67	85
557000000	0	0
558000000	2	2
559000000	1	2
560000000	13	4
561000000	0	0
562000000	15	5
563000000	68	76
564000000	15	12
565000000	13	9
566000000	11	28
567000000	0	0
568000000	0	0
569000000	18	16
570000000	6	10
571000000	139	165
572000000	48	55
573000000	26	30
574000000	6	7
575000000	1	0
576000000	53	64
577000000	0	0
578000000	7	3
579000000	101	144
580000000	108	118
581000000	62	110
582000000	0	0
583000000	5	12
584000000	11	15
585000000	20	15
586000000	2	1
587000000	3	1
588000000	0	0
589000000	0	0
590000000	15	31
591000000	2	2
592000000	0	0
593000000	12	8
594000000	0	0
595000000	0	0
596000000	6	2
597000000	0	0
598000000	0	1
599000000	7	9
600000000	8	15
601000000	48	85
602000000	4	1
603000000	0	1
604000000	9	4
605000000	0	0
606000000	8	7
607000000	86	66
608000000	48	31
609000000	0	0
610000000	22	23
611000000	6	3
612000000	13	14
613000000	12	13
614000000	4	7
615000000	0	1
616000000	45	63
617000000	2	2
618000000	4	1
619000000	4	1
620000000	13	14
621000000	5	0
622000000	0	2
623000000	0	0
624000000	38	27
625000000	3	11
626000000	7	8
627000000	8	2
628000000	2	7
629000000	2	3
630000000	0	0
631000000	16	12
632000000	0	0
633000000	5	1
634000000	0	0
635000000	0	0
636000000	13	9
637000000	9	6
638000000	0	0
639000000	13	6
640000000	0	0
641000000	0	0
642000000	47	64
643000000	6	6
644000000	5	1
645000000	0	0
646000000	0	0
647000000	12	1
648000000	0	0
649000000	6	1
650000000	0	0
651000000	0	0
652000000	15	14
653000000	0	0
654000000	3	1
655000000	0	0
656000000	0	0
657000000	0	1
658000000	0	0
659000000	12	9
660000000	5	6
661000000	4	8
662000000	0	1
663000000	9	15
664000000	3	1
665000000	0	0
666000000	13	10
667000000	0	3
668000000	2	4
669000000	0	0
670000000	1	10
671000000	0	0
672000000	14	16
673000000	5	5
674000000	0	0
675000000	20	12
676000000	0	0
677000000	6	9
678000000	3	0
679000000	0	0
680000000	0	0
681000000	2	5
682000000	0	0
683000000	5	1
684000000	0	3
685000000	2	7
686000000	0	0
687000000	0	0
688000000	6	2
689000000	8	13
690000000	6	4
691000000	6	10
692000000	2	2
693000000	2	1
694000000	13	6
695000000	5	4
696000000	3	3
697000000	12	15
698000000	57	72
699000000	4	3
700000000	0	0
701000000	4	0
702000000	1	5
703000000	0	0
704000000	42	77
705000000	49	31
706000000	0	0
707000000	33	28
708000000	52	40
709000000	1	1
710000000	0	0
711000000	49	51
712000000	0	0
713000000	1	5
714000000	0	0
715000000	2	1
716000000	0	0
717000000	12	12
718000000	11	8
719000000	0	0
720000000	2	8
721000000	27	28
722000000	0	0
723000000	8	4
724000000	4	4
725000000	0	0
726000000	8	12
727000000	0	0
728000000	0	0
729000000	0	0
730000000	155	171
731000000	0	0
732000000	35	22
733000000	24	31
734000000	0	0
735000000	0	0
736000000	14	7
737000000	4	10
738000000	6	5
739000000	9	4
740000000	0	0
741000000	15	14
742000000	0	0
743000000	0	0
744000000	0	0
745000000	3	8
746000000	8	5
747000000	0	0
748000000	8	5
749000000	17	14
750000000	1	0
751000000	1	5
752000000	17	20
753000000	7	2
754000000	1	2
755000000	3	3
756000000	0	0
757000000	80	101
758000000	16	18
759000000	4	10
760000000	4	3
761000000	0	1
762000000	7	7
763000000	1	5
764000000	0	0
765000000	0	0
766000000	112	104
767000000	3	3
768000000	3	2
769000000	0	0
770000000	8	14
771000000	197	178
772000000	4	1
773000000	13	30
774000000	244	239
775000000	8	2
776000000	0	0
777000000	11	5
778000000	0	0
779000000	1	2
780000000	0	0
781000000	1	4
782000000	3	3
783000000	0	2
784000000	0	0
785000000	0	0
786000000	6	14
787000000	0	0
788000000	0	0
789000000	12	13
790000000	0	0
791000000	0	0
792000000	30	38
793000000	0	0
794000000	0	0
795000000	8	14
796000000	3	3
797000000	0	0
798000000	0	0
799000000	8	1
800000000	16	15
801000000	4	0
802000000	1	1
803000000	8	9
804000000	0	0
805000000	8	5
806000000	0	2
807000000	0	0
808000000	0	0
809000000	0	0
810000000	0	0
811000000	34	10
812000000	0	0
813000000	8	13
814000000	0	0
815000000	12	3
816000000	0	0
817000000	0	0
818000000	3	8
819000000	2	0
820000000	2	7
821000000	0	0
822000000	0	0
823000000	92	103
824000000	2	0
825000000	6	4
826000000	0	1
827000000	5	9
828000000	0	0
829000000	2	0
830000000	7	9
831000000	139	150
832000000	109	131
833000000	0	0
834000000	7	9
835000000	9	1
836000000	0	0
837000000	92	78
838000000	146	150
839000000	75	87
840000000	21	12
841000000	0	0
842000000	0	0
843000000	0	0
844000000	6	2
845000000	23	20
846000000	6	5
847000000	17	11
848000000	92	142
849000000	75	99
850000000	0	0
851000000	9	8
852000000	229	240
853000000	165	226
854000000	201	223
855000000	101	75
856000000	151	154
857000000	68	67
858000000	0	0
859000000	12	28
860000000	0	0
861000000	0	0
862000000	80	79
863000000	2	0
864000000	14	3
865000000	0	0
866000000	0	0
867000000	26	21
868000000	0	0
869000000	2	1
870000000	0	0
871000000	1	3
872000000	4	7
873000000	39	34
874000000	79	47
875000000	156	121
876000000	230	255
877000000	269	372
878000000	758	724
879000000	28	23
880000000	76	85
881000000	3	2
882000000	37	21
883000000	83	80
884000000	81	99
885000000	169	143
886000000	398	380
887000000	166	215
888000000	259	218
889000000	48	61
890000000	112	96
891000000	136	162
892000000	126	121
893000000	52	43
894000000	37	43
895000000	70	29
896000000	93	84
897000000	144	215
898000000	285	269
899000000	111	160
900000000	28	57
901000000	32	66
902000000	38	88
903000000	29	34
904000000	36	58
905000000	74	92
906000000	72	86
907000000	61	87
908000000	64	108
909000000	57	125
910000000	94	148
911000000	54	132
912000000	71	153
913000000	110	144
914000000	118	157
915000000	147	198
916000000	160	219
917000000	169	229
918000000	174	223
919000000	251	213
920000000	216	239
921000000	297	308
922000000	268	251
923000000	311	297
924000000	254	271
925000000	265	265
926000000	309	352
927000000	411	354
928000000	424	381
929000000	471	387
930000000	573	489
931000000	780	685
932000000	527	438
933000000	46	41
934000000	55	30
935000000	94	72
936000000	80	65
937000000	86	58
938000000	117	104
939000000	112	133
940000000	177	199
941000000	65	89
942000000	115	170
943000000	409	442
944000000	329	355
945000000	61	34
946000000	58	72
947000000	60	34
948000000	58	62
949000000	82	27
950000000	77	37
951000000	74	62
952000000	68	63
953000000	95	100
954000000	147	115
955000000	174	171
956000000	108	116
957000000	103	75
958000000	47	33
959000000	41	32
960000000	36	30
961000000	54	54
962000000	70	71
963000000	47	30
964000000	61	44
965000000	63	48
966000000	115	75
967000000	100	70
968000000	103	126
969000000	200	215
970000000	272	233
971000000	166	148
972000000	36	11
973000000	53	58
974000000	56	32
975000000	66	29
976000000	64	52
977000000	69	112
978000000	67	50
979000000	74	74
980000000	59	42
981000000	184	191
982000000	218	206
983000000	199	214
984000000	59	47
985000000	38	43
986000000	56	58
987000000	76	102
988000000	99	89
989000000	160	85
990000000	221	178
991000000	206	159
992000000	106	105
993000000	75	63
994000000	177	174
995000000	26	42
996000000	69	81
997000000	80	147
998000000	278	263
999000000	161	106
1000000000	132	151
1001000000	104	99
1002000000	70	92
1003000000	263	257
1004000000	206	221
1005000000	185	184
1006000000	228	209
1007000000	92	103
1008000000	179	219
1009000000	203	180
1010000000	515	340
1011000000	193	171
1012000000	330	200
1013000000	316	231
1014000000	357	344
1015000000	301	244
1016000000	377	240
1017000000	325	246
1018000000	211	165
1019000000	225	160
1020000000	131	112
1021000000	148	147
1022000000	218	224
1023000000	276	286
1024000000	203	92
1025000000	291	401
1026000000	215	218
1027000000	19	12
1028000000	2	0
1029000000	39	49
1030000000	35	56
1031000000	24	53
1032000000	0	0
1033000000	53	66
1034000000	0	1
1035000000	21	22
1036000000	29	19
1037000000	0	0
1038000000	1	4
1039000000	20	52
1040000000	92	146
1041000000	11	6
1042000000	12	25
1043000000	67	116
1044000000	183	312
1045000000	134	145
1046000000	204	171
1047000000	137	89
1048000000	22	14
1049000000	64	95
1050000000	301	324
1051000000	39	28
1052000000	29	37
1053000000	143	256
1054000000	231	309
1055000000	199	215
1056000000	10	12
1057000000	147	142
1058000000	90	95
1059000000	126	153
1060000000	40	9
1061000000	7	1
1062000000	9	3
1063000000	72	52
1064000000	42	41
1065000000	163	102
1066000000	168	155
1067000000	177	194
1068000000	73	71
1069000000	1	0
1070000000	59	72
1071000000	121	90
1072000000	47	47
1073000000	102	125
1074000000	216	276
1075000000	119	101
1076000000	103	124
1077000000	175	110
1078000000	174	108
1079000000	110	159
1080000000	56	64
1081000000	200	278
1082000000	18	14
1083000000	81	88
1084000000	107	87
1085000000	64	65
1086000000	229	221
1087000000	21	30
1088000000	286	411
1089000000	293	384
1090000000	168	147
1091000000	2	7
1092000000	25	17
1093000000	56	65
1094000000	30	15
1095000000	54	68
1096000000	199	88
1097000000	262	141
1098000000	33	11
1099000000	134	135
1100000000	71	67
1101000000	198	119
1102000000	165	106
1103000000	58	56
1104000000	82	82
1105000000	68	138
1106000000	115	132
1107000000	89	113
1108000000	48	68
1109000000	10	23
1110000000	36	60
1111000000	147	133
1112000000	270	232
1113000000	172	223
1114000000	148	204
1115000000	33	25
1116000000	2	17
1117000000	3	1
1118000000	2	11
1119000000	38	75
1120000000	76	94
1121000000	71	124
1122000000	109	152
1123000000	60	58
1124000000	8	7
1125000000	14	5
1126000000	16	13
1127000000	5	9
1128000000	67	63
1129000000	316	277
1130000000	82	88
1131000000	47	50
1132000000	66	59
1133000000	117	107
1134000000	73	47
1135000000	131	158
1136000000	15	18
1137000000	34	49
1138000000	77	68
1139000000	67	71
1140000000	310	307
1141000000	188	185
1142000000	133	151
1143000000	286	271
1144000000	199	236
1145000000	141	205
1146000000	194	190
1147000000	118	102
1148000000	24	27
1149000000	10	13
1150000000	0	0
1151000000	29	17
1152000000	0	0
1153000000	23	17
1154000000	3	12
1155000000	6	13
1156000000	15	13
1157000000	7	3
1158000000	0	0
1159000000	69	85
1160000000	17	13
1161000000	5	1
1162000000	1	3
1163000000	2	1
1164000000	0	0
1165000000	20	16
1166000000	0	0
1167000000	4	11
1168000000	0	0
1169000000	5	5
1170000000	0	0
1171000000	4	8
1172000000	11	15
1173000000	4	15
1174000000	0	0
1175000000	13	21
1176000000	22	24
1177000000	8	2
1178000000	7	7
1179000000	4	11
1180000000	0	0
1181000000	18	32
1182000000	146	222
1183000000	354	414
1184000000	203	203
1185000000	11	17
1186000000	20	28
1187000000	75	36
1188000000	10	16
1189000000	5	14
1190000000	0	0
1191000000	11	21
1192000000	0	1
1193000000	72	46
1194000000	102	97
1195000000	3	1
1196000000	0	0
1197000000	10	6
1198000000	123	110
1199000000	9	6
1200000000	3	4
1201000000	0	0
1202000000	0	0
1203000000	0	0
1204000000	0	0
1205000000	26	20
1206000000	15	7
1207000000	0	0
1208000000	11	19
1209000000	0	1
1210000000	54	60
1211000000	201	197
1212000000	0	0
1213000000	2	4
1214000000	6	8
1215000000	0	0
1216000000	7	7
1217000000	0	0
1218000000	0	0
1219000000	6	13
1220000000	13	16
1221000000	0	1
1222000000	30	39
1223000000	105	77
1224000000	121	136
1225000000	0	0
1226000000	6	5
1227000000	1	3
1228000000	32	44
1229000000	2	9
1230000000	0	0
1231000000	12	11
1232000000	1	1
1233000000	30	21
1234000000	152	110
1235000000	124	104
1236000000	83	61
1237000000	181	218
1238000000	102	115
1239000000	1	0
1240000000	50	58
1241000000	29	36
1242000000	18	18
1243000000	0	0
1244000000	9	6
1245000000	6	5
1246000000	1	0
1247000000	2	2
1248000000	8	5
1249000000	85	115
1250000000	212	255
1251000000	12	5
1252000000	0	0
1253000000	30	36
1254000000	88	84
1255000000	27	15
1256000000	16	21
1257000000	0	0
1258000000	18	16
1259000000	33	24
1260000000	52	47
1261000000	6	14
1262000000	0	0
1263000000	0	0
1264000000	0	0
1265000000	1	0
1266000000	7	4
1267000000	53	83
1268000000	96	74
1269000000	11	8
1270000000	0	0
1271000000	4	6
1272000000	1	1
1273000000	12	8
1274000000	0	0
1275000000	0	4
1276000000	2	1
1277000000	36	62
1278000000	101	87
1279000000	85	84
1280000000	145	166
1281000000	132	123
1282000000	0	0
1283000000	9	14
1284000000	2	1
1285000000	0	0
1286000000	11	4
1287000000	80	76
1288000000	2	1
1289000000	1	1
1290000000	0	0
1291000000	1	2
1292000000	6	8
1293000000	4	4
1294000000	15	8
1295000000	0	0
1296000000	5	5
1297000000	1	0
1298000000	1	4
1299000000	5	1
1300000000	12	6
1301000000	31	43
1302000000	49	70
1303000000	165	222
1304000000	0	0
1305000000	8	7
1306000000	0	0
1307000000	4	5
1308000000	1	4
1309000000	12	16
1310000000	6	5
1311000000	0	0
1312000000	1	3
1313000000	5	4
1314000000	1	1
1315000000	0	0
1316000000	1	3
1317000000	14	13
1318000000	5	6
1319000000	2	7
1320000000	8	14
1321000000	0	2
1322000000	11	10
1323000000	3	4
1324000000	0	0
1325000000	11	5
1326000000	0	0
1327000000	1	1
1328000000	0	0
1329000000	15	14
1330000000	1	1
1331000000	0	0
1332000000	6	2
1333000000	0	0
1334000000	0	0
1335000000	0	0
1336000000	1	4
1337000000	22	35
1338000000	5	6
1339000000	5	3
1340000000	4	3
1341000000	0	0
1342000000	0	0
1343000000	5	8
1344000000	0	0
1345000000	4	3
1346000000	1	0
1347000000	7	2
1348000000	35	67
1349000000	192	208
1350000000	76	170
1351000000	132	155
1352000000	0	0
1353000000	4	7
1354000000	7	6
1355000000	0	0
1356000000	0	3
1357000000	3	12
1358000000	0	0
1359000000	5	7
1360000000	8	20
1361000000	51	57
1362000000	27	62
1363000000	50	100
1364000000	87	126
1365000000	135	176
1366000000	196	177
1367000000	52	69
1368000000	172	161
1369000000	157	117
1370000000	2	4
1371000000	0	0
1372000000	0	5
1373000000	0	0
1374000000	0	0
1375000000	17	10
1376000000	31	75
1377000000	49	73
1378000000	50	50
1379000000	41	77
1380000000	70	62
1381000000	85	80
1382000000	117	118
1383000000	198	210
1384000000	158	128
1385000000	0	0
1386000000	1	0
1387000000	10	9
1388000000	0	0
1389000000	0	0
1390000000	29	7
1391000000	2	0
1392000000	3	10
1393000000	0	0
1394000000	7	11
1395000000	2	0
1396000000	3	4
1397000000	0	0
1398000000	7	12
1399000000	0	0
1400000000	0	0
1401000000	0	0
1402000000	3	3
1403000000	6	0
1404000000	0	0
1405000000	0	0
1406000000	0	0
1407000000	12	7
1408000000	7	5
1409000000	0	0
1410000000	2	1
1411000000	0	0
1412000000	1	6
1413000000	4	4
1414000000	0	0
1415000000	13	5
1416000000	9	1
1417000000	0	0
1418000000	10	17
1419000000	2	1
1420000000	0	0
1421000000	0	0
1422000000	3	4
1423000000	3	6
1424000000	9	12
1425000000	15	17
1426000000	0	0
1427000000	7	7
1428000000	0	0
1429000000	0	0
1430000000	18	15
1431000000	0	0
1432000000	0	0
1433000000	19	15
1434000000	0	0
1435000000	0	0
1436000000	9	11
1437000000	4	3
1438000000	0	0
1439000000	2	2
1440000000	55	82
1441000000	131	133
1442000000	163	156
1443000000	13	19
1444000000	14	28
1445000000	73	86
1446000000	57	43
1447000000	54	55
1448000000	41	40
1449000000	45	51
1450000000	28	54
1451000000	40	109
1452000000	73	82
1453000000	60	68
1454000000	54	56
1455000000	62	96
1456000000	112	133
1457000000	140	186
1458000000	179	146
1459000000	146	167
1460000000	34	108
1461000000	22	49
1462000000	46	57
1463000000	28	64
1464000000	39	83
1465000000	56	79
1466000000	58	95
1467000000	51	93
1468000000	48	88
1469000000	47	119
1470000000	38	89
1471000000	44	123
1472000000	70	76
1473000000	56	79
1474000000	78	88
1475000000	79	166
1476000000	89	75
1477000000	60	116
1478000000	48	145
1479000000	58	109
1480000000	48	93
1481000000	133	126
1482000000	102	119
1483000000	118	130
1484000000	137	154
1485000000	169	151
1486000000	140	158
1487000000	151	205
1488000000	160	185
1489000000	205	228
1490000000	229	260
1491000000	273	264
1492000000	268	271
1493000000	276	271
1494000000	292	270
1495000000	365	401
1496000000	438	394
1497000000	449	440
1498000000	607	619
1499000000	571	528
1500000000	291	305
1501000000	151	207
1502000000	78	112
1503000000	43	50
1504000000	74	101
1505000000	67	114
1506000000	163	185
1507000000	360	309
1508000000	155	156
1509000000	181	162
1510000000	122	130
1511000000	364	390
1512000000	207	222
1513000000	138	236
1514000000	399	384
1515000000	282	316
1516000000	315	251
1517000000	219	310
1518000000	194	230
1519000000	234	266
1520000000	191	191
1521000000	180	262
1522000000	87	132
1523000000	292	267
1524000000	254	296
1525000000	134	169
1526000000	203	186
1527000000	89	90
1528000000	59	57
1529000000	16	13
1530000000	4	0
1531000000	247	199
1532000000	73	38
1533000000	184	157
1534000000	23	22
1535000000	9	4
1536000000	9	15
1537000000	10	27
1538000000	113	113
1539000000	41	39
1540000000	59	68
1541000000	5	1
1542000000	51	31
1543000000	68	56
1544000000	0	0
1545000000	146	78
1546000000	207	138
1547000000	145	182
1548000000	42	38
1549000000	46	65
1550000000	20	31
1551000000	21	16
1552000000	16	18
1553000000	9	19
1554000000	17	24
1555000000	7	7
1556000000	9	8
1557000000	41	44
1558000000	48	32
1559000000	126	162
1560000000	15	16
1561000000	28	48
1562000000	33	38
1563000000	18	17
1564000000	144	131
1565000000	65	52
1566000000	34	18
1567000000	26	10
1568000000	32	58
1569000000	79	110
1570000000	163	231
1571000000	194	185
1572000000	131	110
1573000000	54	41
1574000000	20	28
1575000000	79	57
1576000000	78	88
1577000000	149	121
1578000000	82	39
1579000000	69	53
1580000000	143	107
1581000000	25	30
1582000000	1	1
1583000000	89	124
1584000000	95	136
1585000000	12	17
1586000000	2	9
1587000000	14	23
1588000000	24	33
1589000000	10	7
1590000000	14	20
1591000000	10	15
1592000000	53	99
1593000000	133	217
1594000000	20	13
1595000000	97	37
1596000000	9	13
1597000000	50	45
1598000000	109	33
1599000000	178	176
1600000000	23	39
1601000000	179	97
1602000000	132	125
1603000000	13	16
1604000000	192	222
1605000000	80	70
1606000000	0	0
1607000000	0	0
1608000000	0	0
1609000000	64	106
1610000000	113	174
1611000000	11	18
1612000000	27	25
1613000000	40	78
1614000000	170	221
1615000000	218	187
1616000000	163	97
1617000000	39	101
1618000000	59	38
1619000000	0	1
1620000000	91	171
1621000000	102	136
1622000000	172	136
1623000000	36	34
1624000000	32	21
1625000000	23	19
1626000000	57	56
1627000000	99	76
1628000000	155	106
1629000000	237	125
1630000000	310	299
1631000000	221	233
1632000000	16	14
1633000000	13	12
1634000000	131	108
1635000000	73	41
1636000000	122	171
1637000000	20	38
1638000000	17	32
1639000000	73	71
1640000000	221	244
1641000000	165	127
1642000000	77	44
1643000000	129	99
1644000000	189	130
1645000000	80	99
1646000000	31	60
1647000000	28	37
1648000000	37	79
1649000000	25	15
1650000000	236	271
1651000000	102	248
1652000000	223	246
1653000000	13	19
1654000000	2	6
1655000000	0	0
1656000000	0	0
1657000000	25	132
1658000000	285	495
1659000000	17	20
1660000000	28	38
1661000000	5	7
1662000000	34	30
1663000000	50	65
1664000000	47	59
1665000000	75	102
1666000000	192	268
1667000000	47	49
1668000000	5	23
1669000000	17	35
1670000000	31	37
1671000000	26	41
1672000000	12	13
1673000000	0	0
1674000000	60	116
1675000000	2	0
1676000000	0	0
1677000000	128	116
1678000000	37	22
1679000000	11	2
1680000000	18	29
1681000000	81	109
1682000000	108	76
1683000000	6	12
1684000000	1	1
1685000000	3	14
1686000000	19	13
1687000000	1	7
1688000000	1	0
1689000000	56	90
1690000000	2	5
1691000000	139	188
1692000000	38	35
1693000000	44	16
1694000000	12	22
1695000000	26	37
1696000000	38	53
1697000000	44	24
1698000000	9	9
1699000000	29	11
1700000000	115	47
1701000000	262	250
1702000000	0	0
1703000000	53	62
1704000000	22	32
1705000000	1	0
1706000000	0	0
1707000000	4	4
1708000000	13	23
1709000000	55	44
1710000000	0	0
1711000000	6	5
1712000000	28	20
1713000000	4	11
1714000000	12	12
1715000000	13	16
1716000000	19	32
1717000000	4	2
1718000000	13	12
1719000000	0	0
1720000000	2	2
1721000000	0	0
1722000000	7	17
1723000000	0	1
1724000000	0	0
1725000000	5	20
1726000000	0	0
1727000000	12	2
1728000000	5	9
1729000000	193	195
1730000000	0	2
1731000000	0	0
1732000000	0	0
1733000000	38	21
1734000000	13	7
1735000000	15	11
1736000000	15	15
1737000000	7	16
1738000000	12	8
1739000000	0	1
1740000000	0	0
1741000000	0	0
1742000000	9	14
1743000000	12	27
1744000000	0	0
1745000000	8	3
1746000000	73	87
1747000000	18	6
1748000000	2	0
1749000000	0	0
1750000000	0	4
1751000000	0	0
1752000000	0	0
1753000000	12	7
1754000000	2	1
1755000000	3	0
1756000000	223	235
1757000000	38	21
1758000000	16	9
1759000000	8	16
1760000000	0	0
1761000000	29	20
1762000000	0	0
1763000000	6	9
1764000000	4	4
1765000000	5	8
1766000000	16	19
1767000000	2	5
1768000000	2	3
1769000000	0	0
1770000000	0	0
1771000000	0	0
1772000000	47	53
1773000000	0	0
1774000000	16	19
1775000000	12	18
1776000000	2	6
1777000000	0	0
1778000000	0	0
1779000000	5	6
1780000000	9	8
1781000000	0	0
1782000000	19	13
1783000000	0	4
1784000000	11	7
1785000000	2	3
1786000000	24	15
1787000000	0	0
1788000000	0	2
1789000000	1	1
1790000000	36	34
1791000000	52	39
1792000000	51	28
1793000000	43	53
1794000000	58	26
1795000000	60	91
1796000000	34	31
1797000000	34	31
1798000000	58	47
1799000000	76	51
1800000000	89	89
1801000000	100	69
1802000000	110	76
1803000000	117	108
1804000000	90	70
1805000000	116	116
1806000000	240	232
1807000000	254	259
1808000000	504	478
1809000000	26	31
1810000000	65	66
1811000000	197	209
1812000000	35	41
1813000000	48	113
1814000000	31	30
1815000000	55	58
1816000000	65	49
1817000000	76	74
1818000000	55	91
1819000000	99	134
1820000000	270	284
1821000000	425	293
1822000000	0	0
1823000000	0	0
1824000000	0	0
1825000000	0	0
1826000000	0	0
1827000000	14	22
1828000000	4	17
1829000000	0	0
1830000000	0	0
1831000000	0	0
1832000000	13	13
1833000000	13	7
1834000000	6	10
1835000000	2	0
1836000000	27	9
1837000000	12	13
1838000000	0	7
1839000000	3	0
1840000000	8	18
1841000000	6	1
1842000000	1	5
1843000000	2	4
1844000000	4	25
1845000000	107	112
1846000000	57	34
1847000000	0	0
1848000000	20	8
1849000000	0	0
1850000000	0	0
1851000000	0	0
1852000000	15	25
1853000000	16	22
1854000000	33	38
1855000000	32	23
1856000000	32	18
1857000000	25	32
1858000000	27	31
1859000000	43	79
1860000000	21	13
1861000000	47	38
1862000000	44	62
1863000000	69	69
1864000000	57	56
1865000000	67	64
1866000000	90	112
1867000000	97	71
1868000000	66	102
1869000000	133	120
1870000000	152	125
1871000000	264	259
1872000000	33	29
1873000000	42	84
1874000000	185	209
1875000000	4	4
1876000000	1	1
1877000000	0	0
1878000000	0	0
1879000000	9	11
1880000000	0	0
1881000000	0	0
1882000000	3	9
1883000000	1	5
1884000000	4	2
1885000000	5	9
1886000000	0	0
1887000000	10	8
1888000000	2	2
1889000000	12	9
1890000000	0	0
1891000000	9	4
1892000000	15	20
1893000000	5	4
1894000000	0	0
1895000000	0	0
1896000000	0	0
1897000000	6	6
1898000000	1	2
1899000000	5	3
1900000000	30	21
1901000000	17	32
1902000000	23	37
1903000000	43	66
1904000000	21	53
1905000000	40	77
1906000000	24	60
1907000000	20	43
1908000000	27	50
1909000000	36	34
1910000000	45	53
1911000000	67	103
1912000000	37	42
1913000000	48	58
1914000000	54	86
1915000000	40	71
1916000000	36	62
1917000000	28	47
1918000000	25	56
1919000000	61	99
1920000000	78	153
1921000000	67	90
1922000000	65	89
1923000000	77	86
1924000000	71	158
1925000000	58	108
1926000000	77	120
1927000000	69	103
1928000000	67	113
1929000000	37	80
1930000000	104	121
1931000000	95	113
1932000000	84	130
1933000000	116	146
1934000000	58	145
1935000000	93	148
1936000000	87	131
1937000000	105	125
1938000000	106	143
1939000000	114	166
1940000000	160	226
1941000000	131	154
1942000000	160	148
1943000000	173	155
1944000000	176	225
1945000000	157	213
1946000000	185	216
1947000000	183	255
1948000000	227	256
1949000000	240	265
1950000000	254	236
1951000000	235	292
1952000000	289	325
1953000000	344	348
1954000000	267	270
1955000000	372	334
1956000000	424	409
1957000000	377	330
1958000000	380	381
1959000000	446	394
1960000000	491	496
1961000000	658	551
1962000000	1034	1112
1963000000	21	5
1964000000	25	31
1965000000	45	56
1966000000	332	345
1967000000	96	74
1968000000	37	61
1969000000	144	186
1970000000	49	62
1971000000	8	3
1972000000	9	2
1973000000	7	28
1974000000	6	3
1975000000	2	3
1976000000	0	0
1977000000	16	15
1978000000	34	37
1979000000	79	99
1980000000	126	120
1981000000	8	8
1982000000	0	0
1983000000	0	0
1984000000	0	0
1985000000	23	13
1986000000	4	8
1987000000	0	0
1988000000	67	79
1989000000	42	35
1990000000	20	20
1991000000	0	0
1992000000	70	57
1993000000	48	32
1994000000	0	0
1995000000	0	0
1996000000	0	0
1997000000	39	45
1998000000	66	68
1999000000	7	10
2000000000	3	8
2001000000	6	2
2002000000	35	12
2003000000	158	125
2004000000	0	0
2005000000	75	81
2006000000	8	4
2007000000	61	55
2008000000	2	8
2009000000	8	8
2010000000	4	3
2011000000	21	4
2012000000	190	152
2013000000	0	0
2014000000	90	99
2015000000	5	12
2016000000	148	57
2017000000	7	5
2018000000	0	0
2019000000	2	1
2020000000	8	9
2021000000	0	0
2022000000	0	1
2023000000	0	0
2024000000	19	10
2025000000	71	54
2026000000	74	33
2027000000	183	169
2028000000	0	0
2029000000	9	15
2030000000	1	1
2031000000	8	5
2032000000	0	0
2033000000	15	19
2034000000	4	1
2035000000	1	4
2036000000	10	16
2037000000	1	0
2038000000	30	26
2039000000	3	1
2040000000	2	1
2041000000	66	54
2042000000	88	80
2043000000	145	146
2044000000	3	5
2045000000	25	13
2046000000	8	1
2047000000	0	1
2048000000	1	1
2049000000	4	7
2050000000	2	11
2051000000	0	0
2052000000	0	0
2053000000	0	0
2054000000	0	0
2055000000	22	29
2056000000	5	14
2057000000	39	29
2058000000	87	82
2059000000	126	132
2060000000	24	14
2061000000	135	237
2062000000	382	362
2063000000	53	27
2064000000	144	120
2065000000	3	4
2066000000	8	19
2067000000	37	27
2068000000	0	0
2069000000	35	41
2070000000	42	40
2071000000	8	3
2072000000	18	9
2073000000	60	30
2074000000	80	95
2075000000	249	172
2076000000	8	13
2077000000	148	178
2078000000	172	177
2079000000	0	0
2080000000	1	10
2081000000	36	36
2082000000	0	0
2083000000	0	0
2084000000	0	0
2085000000	4	3
2086000000	205	183
2087000000	131	150
2088000000	37	51
2089000000	34	52
2090000000	117	94
2091000000	64	70
2092000000	245	255
2093000000	129	141
2094000000	145	144
2095000000	81	59
2096000000	1	1
2097000000	6	9
2098000000	16	21
2099000000	240	197
2100000000	0	1
2101000000	0	0
2102000000	8	3
2103000000	101	68
2104000000	0	0
2105000000	78	94
2106000000	74	66
2107000000	105	123
2108000000	48	48
2109000000	21	30
2110000000	0	0
2111000000	14	15
2112000000	11	4
2113000000	14	7
2114000000	5	0
2115000000	3	0
2116000000	21	14
2117000000	9	8
2118000000	34	30
2119000000	7	6
2120000000	15	11
2121000000	23	17
2122000000	0	0
2123000000	12	12
2124000000	13	11
2125000000	74	95
2126000000	67	52
2127000000	157	196
2128000000	125	127
2129000000	67	60
2130000000	3	5
2131000000	49	60
2132000000	178	141
2133000000	11	11
2134000000	33	45
2135000000	14	10
2136000000	8	11
2137000000	0	0
2138000000	0	0
2139000000	26	59
2140000000	44	50
2141000000	23	11
2142000000	62	69
2143000000	0	0
2144000000	0	0
2145000000	9	7
2146000000	31	49
2147000000	3	3
2148000000	31	44
2149000000	24	38
2150000000	104	180
2151000000	0	0
2152000000	0	0
2153000000	87	145
2154000000	47	75
2155000000	18	19
2156000000	105	130
2157000000	29	14
2158000000	9	12
2159000000	50	77
2160000000	172	205
2161000000	170	169
2162000000	94	102
2163000000	41	38
2164000000	0	0
2165000000	9	15
2166000000	16	23
2167000000	0	0
2168000000	86	109
2169000000	20	33
2170000000	1	1
2171000000	27	25
2172000000	42	62
2173000000	0	0
2174000000	2	3
2175000000	0	0
2176000000	45	63
2177000000	326	315
2178000000	131	119
2179000000	128	117
2180000000	95	94
2181000000	73	58
2182000000	84	47
2183000000	100	112
2184000000	0	0
2185000000	24	23
2186000000	7	15
2187000000	5	5
2188000000	43	43
2189000000	78	114
2190000000	89	65
2191000000	133	106
2192000000	45	34
2193000000	0	0
2194000000	204	160
2195000000	122	128
2196000000	13	4
2197000000	22	22
2198000000	12	55
2199000000	23	23
2200000000	10	12
2201000000	95	125
2202000000	47	33
2203000000	66	24
2204000000	178	146
2205000000	206	157
2206000000	61	60
2207000000	10	12
2208000000	32	36
2209000000	158	184
2210000000	282	305
2211000000	4	18
2212000000	205	203
2213000000	45	73
2214000000	16	18
2215000000	144	184
2216000000	39	52
2217000000	48	51
2218000000	20	32
2219000000	22	10
2220000000	37	18
2221000000	128	87
2222000000	233	189
2223000000	16	7
2224000000	177	115
2225000000	34	38
2226000000	131	91
2227000000	96	109
2228000000	31	19
2229000000	58	31
2230000000	46	56
2231000000	38	24
2232000000	12	11
2233000000	87	79
2234000000	167	165
2235000000	267	294
2236000000	467	388
2237000000	133	145
2238000000	1	2
2239000000	11	4
2240000000	14	15
2241000000	62	54
2242000000	140	180
2243000000	0	3
2244000000	292	329
2245000000	0	0
2246000000	3	4
2247000000	11	10
2248000000	156	139
2249000000	10	12
2250000000	7	18
2251000000	61	70
2252000000	225	255
2253000000	151	196
2254000000	246	306
2255000000	242	269
2256000000	94	73
2257000000	249	220
2258000000	226	205
2259000000	61	132
2260000000	171	223
2261000000	369	373
2262000000	151	188
2263000000	39	108
2264000000	60	85
2265000000	183	226
2266000000	416	412
2267000000	93	98
2268000000	183	170
2269000000	40	53
2270000000	23	55
2271000000	34	76
2272000000	70	82
2273000000	122	149
2274000000	106	93
2275000000	308	325
2276000000	19	37
2277000000	28	43
2278000000	27	48
2279000000	91	78
2280000000	47	66
2281000000	81	94
2282000000	83	64
2283000000	73	93
2284000000	159	197
2285000000	66	138
2286000000	33	54
2287000000	30	52
2288000000	91	166
2289000000	105	186
2290000000	155	199
2291000000	197	261
2292000000	240	308
2293000000	228	290
2294000000	339	327
2295000000	363	455
2296000000	447	445
2297000000	388	396
2298000000	497	566
2299000000	481	481
2300000000	566	519
2301000000	663	699
2302000000	973	784
2303000000	877	741
2304000000	89	113
2305000000	141	133
2306000000	18	18
2307000000	56	49
2308000000	28	39
2309000000	31	39
2310000000	43	39
2311000000	24	52
2312000000	42	71
2313000000	39	81
2314000000	24	51
2315000000	78	84
2316000000	69	83
2317000000	80	76
2318000000	192	230
2319000000	46	95
2320000000	133	131
2321000000	21	28
2322000000	29	47
2323000000	17	31
2324000000	18	31
2325000000	36	66
2326000000	40	67
2327000000	30	61
2328000000	64	63
2329000000	70	101
2330000000	113	151
2331000000	278	228
2332000000	89	100
2333000000	218	212
2334000000	19	28
2335000000	59	122
2336000000	21	73
2337000000	62	83
2338000000	60	140
2339000000	79	103
2340000000	168	176
2341000000	325	329
2342000000	185	141
2343000000	7	10
2344000000	13	9
2345000000	4	0
2346000000	0	0
2347000000	17	11
2348000000	0	0
2349000000	4	5
2350000000	0	0
2351000000	1	2
2352000000	11	12
2353000000	12	11
2354000000	0	0
2355000000	0	0
2356000000	6	9
2357000000	0	0
2358000000	9	3
2359000000	0	0
2360000000	15	19
2361000000	5	16
2362000000	12	9
2363000000	1	0
2364000000	0	0
2365000000	1	6
2366000000	0	0
2367000000	4	8
2368000000	4	3
2369000000	1	0
2370000000	0	0
2371000000	0	0
2372000000	19	11
2373000000	0	0
2374000000	0	0
2375000000	1	1
2376000000	9	7
2377000000	0	0
2378000000	8	11
2379000000	0	0
2380000000	0	0
2381000000	47	63
2382000000	54	77
2383000000	77	120
2384000000	57	129
2385000000	68	156
2386000000	89	153
2387000000	175	181
2388000000	356	353
2389000000	0	0
2390000000	4	3
2391000000	20	10
2392000000	1	0
2393000000	0	0
2394000000	0	0
2395000000	3	6
2396000000	1	1
2397000000	11	3
2398000000	5	8
2399000000	0	0
2400000000	7	11
2401000000	0	0
2402000000	0	0
2403000000	4	12
2404000000	0	0
2405000000	1	0
2406000000	0	0
2407000000	0	0
2408000000	6	12
2409000000	0	0
2410000000	5	3
2411000000	1	3
2412000000	10	4
2413000000	2	6
2414000000	0	0
2415000000	3	0
2416000000	4	2
2417000000	30	30
2418000000	3	3
2419000000	3	1
2420000000	0	0
2421000000	2	1
2422000000	4	1
2423000000	15	12
2424000000	5	3
2425000000	9	3
2426000000	0	0
2427000000	0	0
2428000000	19	20
2429000000	1	2
2430000000	7	6
2431000000	0	1
2432000000	3	4
2433000000	2	9
2434000000	4	3
2435000000	10	10
2436000000	0	0
2437000000	4	4
2438000000	12	19
2439000000	6	6
2440000000	2	0
2441000000	4	6
2442000000	0	0
2443000000	46	46
2444000000	0	0
2445000000	15	26
2446000000	0	0
2447000000	4	2
2448000000	0	4
2449000000	0	0
2450000000	2	2
2451000000	0	0
2452000000	0	0
2453000000	20	19
2454000000	0	0
2455000000	1	1
2456000000	2	8
2457000000	5	5
2458000000	7	4
2459000000	0	0
2460000000	0	0
2461000000	9	17
2462000000	2	8
2463000000	0	1
2464000000	0	0
2465000000	26	9
2466000000	158	169
2467000000	6	10
2468000000	17	9
2469000000	0	0
2470000000	0	0
2471000000	4	1
2472000000	0	0
2473000000	22	35
2474000000	86	82
2475000000	0	5
2476000000	1	0
2477000000	1	0
2478000000	1	1
2479000000	0	0
2480000000	15	14
2481000000	82	111
2482000000	2	0
2483000000	0	0
2484000000	68	82
2485000000	198	197
2486000000	0	0
2487000000	73	68
2488000000	179	205
2489000000	154	175
2490000000	54	66
2491000000	330	304
2492000000	144	111
2493000000	29	40
2494000000	85	96
2495000000	8	17
2496000000	0	0
2497000000	102	106
2498000000	13	20
2499000000	0	0
2500000000	2	3
2501000000	144	104
2502000000	151	166
2503000000	184	123
2504000000	135	149
2505000000	161	221
2506000000	192	129
2507000000	150	106
2508000000	61	34
2509000000	127	139
2510000000	10	4
2511000000	2	3
2512000000	58	22
2513000000	54	48
2514000000	2	2
2515000000	0	0
2516000000	0	0
2517000000	45	43
2518000000	6	6
2519000000	0	0
2520000000	1	3
2521000000	3	4
2522000000	2	3
2523000000	8	7
2524000000	6	5
2525000000	54	29
2526000000	25	35
2527000000	26	21
2528000000	9	9
2529000000	22	30
2530000000	183	145
2531000000	0	0
2532000000	29	32
2533000000	0	0
2534000000	0	0
2535000000	24	21
2536000000	15	3
2537000000	101	85
2538000000	6	4
2539000000	66	84
2540000000	0	0
2541000000	0	0
2542000000	11	16
2543000000	12	23
2544000000	16	18
2545000000	0	1
2546000000	40	38
2547000000	0	0
2548000000	0	0
2549000000	59	48
2550000000	20	26
2551000000	12	1
2552000000	71	78
2553000000	36	24
2554000000	21	28
2555000000	3	2
2556000000	0	0
2557000000	39	27
2558000000	0	0
2559000000	13	35
2560000000	93	114
2561000000	411	335
2562000000	95	109
2563000000	74	123
2564000000	107	131
2565000000	197	259
2566000000	478	472
2567000000	46	58
2568000000	2	0
2569000000	16	25
2570000000	106	85
2571000000	6	2
2572000000	152	130
2573000000	5	14
2574000000	7	9
2575000000	9	11
2576000000	10	6
2577000000	87	70
2578000000	0	0
2579000000	6	13
2580000000	0	0
2581000000	0	0
2582000000	15	17
2583000000	10	6
2584000000	1	3
2585000000	0	0
2586000000	31	33
2587000000	59	96
2588000000	283	283
2589000000	154	141
2590000000	66	52
2591000000	22	45
2592000000	91	145
2593000000	13	31
2594000000	0	0
2595000000	30	30
2596000000	44	52
2597000000	18	11
2598000000	45	56
2599000000	11	22
2600000000	0	0
2601000000	135	172
2602000000	76	98
2603000000	63	78
2604000000	6	26
2605000000	18	16
2606000000	0	0
2607000000	47	43
2608000000	349	226
2609000000	5	3
2610000000	30	13
2611000000	1	5
2612000000	9	8
2613000000	0	0
2614000000	90	104
2615000000	63	88
2616000000	5	0
2617000000	47	40
2618000000	92	69
2619000000	110	137
2620000000	0	0
2621000000	25	11
2622000000	10	38
2623000000	82	118
2624000000	179	199
2625000000	128	102
2626000000	73	85
2627000000	0	0
2628000000	43	47
2629000000	0	0
2630000000	22	22
2631000000	12	18
2632000000	23	25
2633000000	13	19
2634000000	8	7
2635000000	35	26
2636000000	12	16
2637000000	114	161
2638000000	48	47
2639000000	46	35
2640000000	20	31
2641000000	12	1
2642000000	67	108
2643000000	30	6
2644000000	39	50
2645000000	143	134
2646000000	252	234
2647000000	148	276
2648000000	421	421
2649000000	22	20
2650000000	55	47
2651000000	46	41
2652000000	63	55
2653000000	6	1
2654000000	49	59
2655000000	50	40
2656000000	7	27
2657000000	24	14
2658000000	87	54
2659000000	136	138
2660000000	35	30
2661000000	51	32
2662000000	86	50
2663000000	31	26
2664000000	6	3
2665000000	49	41
2666000000	216	141
2667000000	113	38
2668000000	44	19
2669000000	0	0
2670000000	103	42
2671000000	128	29
2672000000	155	68
2673000000	74	41
2674000000	90	25
2675000000	179	14
2676000000	63	39
2677000000	66	47
2678000000	38	33
2679000000	75	42
2680000000	580	250
2681000000	90	85
2682000000	516	176
2683000000	459	278
2684000000	28	6
2685000000	293	315
2686000000	538	285
2687000000	356	182
2688000000	731	308
2689000000	101	62
2690000000	69	33
2691000000	348	139
2692000000	134	109
2693000000	32	52
2694000000	156	114
2695000000	50	68
2696000000	116	89
2697000000	94	49
2698000000	16	26
2699000000	87	47
2700000000	55	31
2701000000	98	184
2702000000	4	6
2703000000	55	70
2704000000	43	33
2705000000	11	4
2706000000	29	19
2707000000	140	134
2708000000	226	223
2709000000	153	287
2710000000	0	0
2711000000	27	40
2712000000	122	223
2713000000	28	21
2714000000	108	141
2715000000	13	17
2716000000	27	22
2717000000	18	40
2718000000	30	47
2719000000	133	186
2720000000	159	246
2721000000	37	51
2722000000	36	91
2723000000	16	22
2724000000	33	24
2725000000	146	164
2726000000	231	153
2727000000	21	23
2728000000	86	67
2729000000	10	6
2730000000	183	192
2731000000	36	28
2732000000	88	125
2733000000	62	64
2734000000	86	125
2735000000	83	118
2736000000	25	14
2737000000	94	107
2738000000	35	86
2739000000	89	157
2740000000	15	16
2741000000	85	116
2742000000	210	353
2743000000	168	232
2744000000	84	108
2745000000	280	279
2746000000	105	110
2747000000	133	151
2748000000	138	149
2749000000	48	64
2750000000	79	53
2751000000	162	108
2752000000	26	4
2753000000	331	348
2754000000	179	230
2755000000	48	42
2756000000	60	99
2757000000	22	28
2758000000	167	203
2759000000	39	51
2760000000	0	0
2761000000	66	109
2762000000	4	2
2763000000	274	356
2764000000	19	41
2765000000	9	30
2766000000	15	25
2767000000	49	131
2768000000	280	368
2769000000	37	12
2770000000	80	72
2771000000	131	141
2772000000	43	41
2773000000	183	242
2774000000	215	207
2775000000	16	30
2776000000	11	16
2777000000	68	109
2778000000	95	222
2779000000	270	328
2780000000	223	119
2781000000	203	129
2782000000	25	24
2783000000	35	38
2784000000	110	95
2785000000	160	143
2786000000	49	11
2787000000	52	22
2788000000	136	48
2789000000	181	92
2790000000	47	50
2791000000	35	23
2792000000	47	20
2793000000	5	13
2794000000	20	4
2795000000	153	157
2796000000	84	87
2797000000	58	42
2798000000	9	0
2799000000	49	58
2800000000	31	22
2801000000	18	44
2802000000	15	14
2803000000	51	39
2804000000	17	12
2805000000	8	11
2806000000	8	6
2807000000	152	180
2808000000	41	33
2809000000	0	0
2810000000	130	181
2811000000	183	263
2812000000	136	153
2813000000	2	0
2814000000	3	0
2815000000	62	55
2816000000	143	266
2817000000	52	51
2818000000	2	3
2819000000	7	6
2820000000	3	0
2821000000	0	0
2822000000	121	172
2823000000	11	13
2824000000	5	21
2825000000	102	157
2826000000	189	229
2827000000	64	56
2828000000	180	361
2829000000	499	566
2830000000	882	815
2831000000	146	142
2832000000	8	5
2833000000	105	133
2834000000	108	154
2835000000	19	29
2836000000	0	0
2837000000	0	0
2838000000	28	28
2839000000	1	1
2840000000	11	15
2841000000	114	97
2842000000	37	42
2843000000	8	19
2844000000	5	0
2845000000	47	65
2846000000	107	74
2847000000	1	7
2848000000	328	340
2849000000	65	44
2850000000	4	3
2851000000	14	13
2852000000	36	27
2853000000	25	20
2854000000	2	6
2855000000	85	87
2856000000	31	44
2857000000	7	10
2858000000	73	43
2859000000	15	10
2860000000	4	6
2861000000	7	7
2862000000	13	11
2863000000	72	85
2864000000	30	24
2865000000	82	61
2866000000	6	10
2867000000	2	0
2868000000	7	6
2869000000	6	10
2870000000	0	0
2871000000	16	4
2872000000	30	38
2873000000	16	8
2874000000	173	204
2875000000	50	52
2876000000	211	170
2877000000	94	132
2878000000	0	0
2879000000	3	3
2880000000	333	323
2881000000	225	220
2882000000	4	2
2883000000	1	1
2884000000	56	69
2885000000	123	147
2886000000	7	1
2887000000	22	44
2888000000	9	7
2889000000	6	3
2890000000	0	0
2891000000	13	9
2892000000	110	118
2893000000	51	50
2894000000	2	1
2895000000	2	1
2896000000	9	1
2897000000	0	2
2898000000	4	5
2899000000	0	0
2900000000	8	7
2901000000	0	0
2902000000	2	1
2903000000	0	0
2904000000	1	1
2905000000	3	1
2906000000	0	0
2907000000	12	4
2908000000	81	82
2909000000	25	14
2910000000	0	0
2911000000	4	6
2912000000	0	0
2913000000	2	0
2914000000	0	0
2915000000	2	2
2916000000	5	1
2917000000	1	0
2918000000	5	1
2919000000	0	0
2920000000	0	0
2921000000	23	54
2922000000	117	160
2923000000	0	0
2924000000	5	16
2925000000	11	9
2926000000	38	52
2927000000	2	3
2928000000	16	33
2929000000	133	185
2930000000	196	154
2931000000	46	99
2932000000	73	133
2933000000	142	238
2934000000	178	196
2935000000	349	324
2936000000	421	357
2937000000	425	386
2938000000	657	593
2939000000	89	109
2940000000	223	254
2941000000	0	0
2942000000	11	5
2943000000	9	3
2944000000	14	4
2945000000	5	6
2946000000	0	1
2947000000	11	12
2948000000	0	0
2949000000	3	2
2950000000	0	0
2951000000	2	0
2952000000	12	5
2953000000	1	3
2954000000	5	7
2955000000	15	42
2956000000	120	116
2957000000	4	3
2958000000	0	0
2959000000	8	3
2960000000	1	1
2961000000	131	168
2962000000	125	139
2963000000	0	0
2964000000	33	54
2965000000	143	147
2966000000	78	62
2967000000	9	8
2968000000	0	0
2969000000	7	6
2970000000	3	16
2971000000	2	2
2972000000	11	31
2973000000	177	179
2974000000	310	371
2975000000	428	372
2976000000	120	120
2977000000	9	9
2978000000	3	6
2979000000	0	0
2980000000	0	0
2981000000	0	0
2982000000	4	1
2983000000	0	0
2984000000	2	0
2985000000	4	1
2986000000	0	0
2987000000	3	4
2988000000	17	12
2989000000	0	0
2990000000	4	9
2991000000	3	3
2992000000	20	46
2993000000	54	52
2994000000	164	111
2995000000	281	238
2996000000	8	2
2997000000	0	0
2998000000	0	0
2999000000	8	3
3000000000	0	0
3001000000	87	93
3002000000	0	0
3003000000	0	0
3004000000	0	0
3005000000	31	30
3006000000	0	0
3007000000	0	0
3008000000	20	18
3009000000	47	61
3010000000	34	67
3011000000	53	64
3012000000	42	55
3013000000	51	69
3014000000	50	75
3015000000	57	103
3016000000	59	95
3017000000	57	63
3018000000	87	141
3019000000	81	86
3020000000	102	107
3021000000	149	173
3022000000	175	182
3023000000	127	137
3024000000	62	58
3025000000	92	72
3026000000	92	98
3027000000	88	117
3028000000	130	141
3029000000	154	184
3030000000	359	348
3031000000	47	64
3032000000	249	222
3033000000	340	394
3034000000	411	405
3035000000	509	493
3036000000	792	740
3037000000	38	40
3038000000	28	38
3039000000	29	52
3040000000	69	95
3041000000	36	55
3042000000	66	92
3043000000	40	82
3044000000	50	70
3045000000	82	97
3046000000	113	70
3047000000	47	89
3048000000	51	59
3049000000	79	131
3050000000	59	69
3051000000	125	154
3052000000	155	169
3053000000	201	172
3054000000	188	211
3055000000	302	262
3056000000	413	338
3057000000	156	184
3058000000	470	423
3059000000	0	0
3060000000	6	0
3061000000	0	0
3062000000	19	29
3063000000	35	30
3064000000	43	42
3065000000	71	105
3066000000	82	87
3067000000	83	103
3068000000	81	80
3069000000	114	101
3070000000	195	164
3071000000	148	133
3072000000	65	78
3073000000	93	139
3074000000	230	221
3075000000	123	126
3076000000	225	229
3077000000	310	327
3078000000	16	11
3079000000	3	0
3080000000	3	3
3081000000	13	13
3082000000	0	0
3083000000	3	3
3084000000	0	1
3085000000	6	4
3086000000	1	2
3087000000	17	9
3088000000	14	9
3089000000	0	0
3090000000	54	96
3091000000	213	208
3092000000	0	0
3093000000	0	0
3094000000	5	4
3095000000	59	92
3096000000	235	239
3097000000	0	0
3098000000	93	150
3099000000	350	343
3100000000	4	2
3101000000	81	81
3102000000	148	154
3103000000	80	95
3104000000	1	4
3105000000	0	0
3106000000	0	0
3107000000	21	18
3108000000	0	0
3109000000	6	18
3110000000	78	63
3111000000	13	11
3112000000	9	7
3113000000	0	0
3114000000	0	0
3115000000	8	1
3116000000	47	51
3117000000	17	11
3118000000	5	11
3119000000	21	21
3120000000	0	0
3121000000	418	410
3122000000	296	315
3123000000	72	77
3124000000	11	11
3125000000	246	254
3126000000	23	15
3127000000	118	92
3128000000	201	150
3129000000	140	157
3130000000	5	10
3131000000	0	0
3132000000	19	13
3133000000	0	0
3134000000	8	10
3135000000	3	5
3136000000	2	0
3137000000	5	3
3138000000	76	39
3139000000	83	99
3140000000	87	77
3141000000	1	6
3142000000	4	13
3143000000	0	0
3144000000	6	10
3145000000	5	8
3146000000	150	153
3147000000	0	1
3148000000	7	5
3149000000	74	88
3150000000	163	161
3151000000	42	28
3152000000	0	0
3153000000	0	0
3154000000	0	0
3155000000	6	2
3156000000	3	9
3157000000	0	0
3158000000	3	1
3159000000	0	2
3160000000	20	28
3161000000	134	138
3162000000	359	278
3163000000	0	0
3164000000	25	12
3165000000	0	0
3166000000	26	30
3167000000	295	285
3168000000	84	60
3169000000	156	126
3170000000	14	26
3171000000	10	6
3172000000	0	0
3173000000	7	5
3174000000	9	2
3175000000	8	5
3176000000	135	145
3177000000	34	27
3178000000	195	160
3179000000	45	28
3180000000	2	0
3181000000	0	0
3182000000	128	129
3183000000	375	317
3184000000	12	6
3185000000	3	4
3186000000	10	7
3187000000	3	3
3188000000	1	0
3189000000	0	0
3190000000	85	57
3191000000	262	225
3192000000	5	4
3193000000	12	2
3194000000	80	57
3195000000	162	181
3196000000	18	20
3197000000	15	19
3198000000	218	210
3199000000	39	24
3200000000	89	68
3201000000	30	13
3202000000	74	70
3203000000	193	192
3204000000	184	153
3205000000	5	4
3206000000	91	123
3207000000	0	0
3208000000	0	0
3209000000	0	0
3210000000	44	34
3211000000	21	26
3212000000	120	69
3213000000	190	181
3214000000	274	188
3215000000	186	254
3216000000	0	0
3217000000	41	35
3218000000	17	9
3219000000	55	47
3220000000	102	59
3221000000	5	0
3222000000	24	24
3223000000	15	14
3224000000	70	42
3225000000	81	89
3226000000	0	0
3227000000	22	32
3228000000	110	114
3229000000	1	4
3230000000	23	29
3231000000	1	2
3232000000	117	85
3233000000	26	33
3234000000	245	168
3235000000	207	225
3236000000	162	177
3237000000	56	43
3238000000	118	79
3239000000	145	161
3240000000	18	8
3241000000	70	37
3242000000	1	2
3243000000	30	48
3244000000	3	5
3245000000	30	35
3246000000	100	117
3247000000	29	30
3248000000	143	131
3249000000	5	8
3250000000	4	1
3251000000	0	0
3252000000	14	18
3253000000	0	0
3254000000	57	79
3255000000	62	75
3256000000	10	8
3257000000	36	57
3258000000	101	78
3259000000	98	101
3260000000	35	25
3261000000	57	54
3262000000	6	16
3263000000	23	27
3264000000	12	3
3265000000	18	25
3266000000	7	8
3267000000	95	130
3268000000	237	343
3269000000	52	61
3270000000	19	38
3271000000	124	208
3272000000	190	304
3273000000	32	49
3274000000	27	29
3275000000	19	57
3276000000	60	80
3277000000	40	35
3278000000	107	127
3279000000	107	67
3280000000	38	30
3281000000	148	171
3282000000	24	14
3283000000	30	25
3284000000	38	33
3285000000	144	153
3286000000	138	139
3287000000	75	64
3288000000	13	8
3289000000	74	159
3290000000	2	16
3291000000	82	128
3292000000	151	175
3293000000	143	194
3294000000	61	105
3295000000	193	299
3296000000	171	190
3297000000	123	136
3298000000	4	2
3299000000	25	17
3300000000	7	7
3301000000	66	83
3302000000	112	132
3303000000	137	176
3304000000	180	190
3305000000	127	130
3306000000	138	186
3307000000	460	606
3308000000	108	192
3309000000	38	28
3310000000	435	401
3311000000	321	481
3312000000	271	383
3313000000	64	137
3314000000	21	36
3315000000	40	39
3316000000	10	22
3317000000	57	57
3318000000	271	167
3319000000	15	9
3320000000	28	29
3321000000	8	13
3322000000	31	34
3323000000	67	42
3324000000	72	55
3325000000	54	45
3326000000	59	36
3327000000	158	116
3328000000	38	33
3329000000	116	99
3330000000	136	247
3331000000	49	73
3332000000	26	14
3333000000	19	47
3334000000	11	16
3335000000	102	93
3336000000	283	436
3337000000	93	178
3338000000	67	60
3339000000	179	209
3340000000	189	201
3341000000	0	0
3342000000	17	33
3343000000	189	198
3344000000	2	1
3345000000	12	13
3346000000	8	2
3347000000	39	46
3348000000	41	49
3349000000	0	0
3350000000	47	38
3351000000	10	12
3352000000	115	106
3353000000	8	2
3354000000	170	172
3355000000	118	90
3356000000	125	127
3357000000	5	4
3358000000	3	5
3359000000	6	10
3360000000	14	16
3361000000	87	57
3362000000	8	12
3363000000	47	54
3364000000	96	100
3365000000	12	31
3366000000	11	5
3367000000	29	48
3368000000	104	136
3369000000	210	197
3370000000	109	69
3371000000	17	5
3372000000	8	24
3373000000	83	85
3374000000	43	53
3375000000	5	6
3376000000	50	42
3377000000	108	92
3378000000	31	27
3379000000	0	0
3380000000	15	8
3381000000	1	9
3382000000	0	0
3383000000	37	30
3384000000	3	3
3385000000	15	24
3386000000	12	6
3387000000	8	16
3388000000	6	5
3389000000	25	37
3390000000	52	67
3391000000	62	51
3392000000	119	163
3393000000	196	170
3394000000	129	136
3395000000	145	81
3396000000	94	67
3397000000	0	0
3398000000	152	171
3399000000	175	228
3400000000	49	61
3401000000	0	0
3402000000	23	59
3403000000	9	18
3404000000	10	9
3405000000	1	8
3406000000	0	0
3407000000	7	3
3408000000	3	4
3409000000	73	70
3410000000	63	109
3411000000	4	3
3412000000	0	0
3413000000	11	10
3414000000	118	123
3415000000	26	39
3416000000	12	10
3417000000	26	58
3418000000	13	17
3419000000	0	14
3420000000	196	169
3421000000	105	97
3422000000	50	97
3423000000	17	13
3424000000	222	205
3425000000	79	43
3426000000	0	3
3427000000	6	4
3428000000	149	173
3429000000	38	15
3430000000	8	3
3431000000	60	35
3432000000	0	0
3433000000	8	5
3434000000	8	6
3435000000	38	44
3436000000	14	15
3437000000	6	9
3438000000	39	47
3439000000	69	49
3440000000	16	11
3441000000	3	1
3442000000	16	23
3443000000	0	0
3444000000	1	1
3445000000	41	38
3446000000	5	2
3447000000	29	112
3448000000	116	215
3449000000	175	189
3450000000	309	312
3451000000	634	576
3452000000	9	4
3453000000	0	0
3454000000	14	18
3455000000	0	0
3456000000	3	2
3457000000	3	0
3458000000	0	0
3459000000	0	0
3460000000	54	49
3461000000	140	130
3462000000	0	0
3463000000	0	0
3464000000	37	52
3465000000	110	50
3466000000	118	76
3467000000	93	75
3468000000	265	227
3469000000	186	195
3470000000	5	4
3471000000	24	16
3472000000	102	94
3473000000	11	28
3474000000	4	2
3475000000	8	1
3476000000	9	25
3477000000	5	12
3478000000	88	92
3479000000	16	21
3480000000	34	55
3481000000	12	32
3482000000	9	3
3483000000	14	21
3484000000	14	6
3485000000	0	3
3486000000	3	1
3487000000	5	7
3488000000	2	12
3489000000	115	114
3490000000	1	4
3491000000	73	121
3492000000	8	0
3493000000	0	0
3494000000	0	0
3495000000	19	26
3496000000	9	14
3497000000	0	0
3498000000	6	7
3499000000	0	0
3500000000	0	0
3501000000	7	9
3502000000	0	0
3503000000	3	0
3504000000	41	68
3505000000	74	117
3506000000	99	78
3507000000	0	0
3508000000	29	58
3509000000	2	2
3510000000	0	0
3511000000	12	3
3512000000	13	5
3513000000	13	16
3514000000	7	2
3515000000	5	3
3516000000	0	0
3517000000	4	4
3518000000	4	2
3519000000	0	2
3520000000	4	1
3521000000	0	0
3522000000	10	12
3523000000	30	16
3524000000	3	4
3525000000	0	0
3526000000	5	3
3527000000	1	0
3528000000	0	0
3529000000	12	23
3530000000	44	72
3531000000	69	126
3532000000	165	175
3533000000	262	344
3534000000	10	10
3535000000	4	2
3536000000	21	19
3537000000	1	4
3538000000	6	14
3539000000	188	198
3540000000	19	20
3541000000	91	53
3542000000	0	0
3543000000	0	2
3544000000	77	57
3545000000	0	0
3546000000	210	208
3547000000	7	4
3548000000	0	0
3549000000	106	150
3550000000	559	435
3551000000	327	257
3552000000	29	35
3553000000	30	14
3554000000	47	11
3555000000	44	36
3556000000	63	38
3557000000	26	36
3558000000	49	45
3559000000	55	55
3560000000	50	48
3561000000	48	48
3562000000	74	41
3563000000	69	65
3564000000	70	78
3565000000	43	36
3566000000	71	72
3567000000	84	95
3568000000	78	56
3569000000	86	84
3570000000	86	72
3571000000	100	118
3572000000	105	99
3573000000	116	119
3574000000	136	99
3575000000	127	121
3576000000	110	116
3577000000	131	156
3578000000	183	170
3579000000	207	212
3580000000	200	171
3581000000	246	243
3582000000	197	205
3583000000	253	254
3584000000	299	247
3585000000	321	260
3586000000	273	245
3587000000	330	317
3588000000	420	320
3589000000	554	461
3590000000	482	488
3591000000	90	78
3592000000	350	311
3593000000	66	111
3594000000	77	67
3595000000	100	37
3596000000	107	98
3597000000	113	88
3598000000	142	129
3599000000	204	121
3600000000	78	81
3601000000	1	0
3602000000	0	0
3603000000	8	8
3604000000	5	0
3605000000	2	4
3606000000	4	1
3607000000	8	3
3608000000	40	37
3609000000	38	64
3610000000	38	7
3611000000	69	18
3612000000	51	29
3613000000	53	27
3614000000	111	56
3615000000	43	33
3616000000	69	47
3617000000	88	40
3618000000	92	34
3619000000	60	64
3620000000	87	65
3621000000	54	9
3622000000	87	61
3623000000	92	130
3624000000	88	80
3625000000	84	78
3626000000	106	76
3627000000	78	39
3628000000	143	138
3629000000	103	126
3630000000	134	84
3631000000	262	204
3632000000	390	380
3633000000	110	69
3634000000	35	75
3635000000	32	74
3636000000	80	98
3637000000	145	160
3638000000	294	343
3639000000	424	371
3640000000	529	562
3641000000	710	628
3642000000	1218	1126
3643000000	100	79
3644000000	147	110
3645000000	285	238
3646000000	64	57
3647000000	0	0
3648000000	15	10
3649000000	1	0
3650000000	12	5
3651000000	0	0
3652000000	0	0
3653000000	0	3
3654000000	10	6
3655000000	8	7
3656000000	0	0
3657000000	0	0
3658000000	0	0
3659000000	5	2
3660000000	0	0
3661000000	0	0
3662000000	21	8
3663000000	0	0
3664000000	13	7
3665000000	7	2
3666000000	4	3
3667000000	15	14
3668000000	0	0
3669000000	0	3
3670000000	7	2
3671000000	0	0
3672000000	7	6
3673000000	64	98
3674000000	219	179
3675000000	6	10
3676000000	0	0
3677000000	0	0
3678000000	12	11
3679000000	0	0
3680000000	0	0
3681000000	26	23
3682000000	6	14
3683000000	4	3
3684000000	0	0
3685000000	17	17
3686000000	0	0
3687000000	0	0
3688000000	8	0
3689000000	0	0
3690000000	0	0
3691000000	5	1
3692000000	179	160
3693000000	51	39
3694000000	0	0
3695000000	137	93
3696000000	5	6
3697000000	0	0
3698000000	0	0
3699000000	128	152
3700000000	0	0
3701000000	0	0
3702000000	0	0
3703000000	8	0
3704000000	67	66
3705000000	9	5
3706000000	0	0
3707000000	64	37
3708000000	25	24
3709000000	47	36
3710000000	75	72
3711000000	0	0
3712000000	4	8
3713000000	6	8
3714000000	3	1
3715000000	95	105
3716000000	9	14
3717000000	0	0
3718000000	131	127
3719000000	24	29
3720000000	0	0
3721000000	0	0
3722000000	109	129
3723000000	1	3
3724000000	0	0
3725000000	0	0
3726000000	192	175
3727000000	170	160
3728000000	156	154
3729000000	71	102
3730000000	115	113
3731000000	1	0
3732000000	0	0
3733000000	13	27
3734000000	29	29
3735000000	0	4
3736000000	103	83
3737000000	3	9
3738000000	12	9
3739000000	4	3
3740000000	40	30
3741000000	0	0
3742000000	7	9
3743000000	0	0
3744000000	21	18
3745000000	57	34
3746000000	0	0
3747000000	0	0
3748000000	0	0
3749000000	13	2
3750000000	25	8
3751000000	1	3
3752000000	9	20
3753000000	5	5
3754000000	1	6
3755000000	22	11
3756000000	123	116
3757000000	75	58
3758000000	101	86
3759000000	139	90
3760000000	83	83
3761000000	197	202
3762000000	84	131
3763000000	0	0
3764000000	4	22
3765000000	41	27
3766000000	0	3
3767000000	166	205
3768000000	43	53
3769000000	10	12
3770000000	25	11
3771000000	33	30
3772000000	97	122
3773000000	277	248
3774000000	46	138
3775000000	307	306
3776000000	274	259
3777000000	132	106
3778000000	22	18
3779000000	0	0
3780000000	103	128
3781000000	2	7
3782000000	10	0
3783000000	3	2
3784000000	135	93
3785000000	3	9
3786000000	14	22
3787000000	0	4
3788000000	5	2
3789000000	19	28
3790000000	186	161
3791000000	78	65
3792000000	0	0
3793000000	0	0
3794000000	19	18
3795000000	0	0
3796000000	22	34
3797000000	80	88
3798000000	6	6
3799000000	0	0
3800000000	12	8
3801000000	33	35
3802000000	100	116
3803000000	81	94
3804000000	50	41
3805000000	92	110
3806000000	0	0
3807000000	0	0
3808000000	0	0
3809000000	1	5
3810000000	61	64
3811000000	0	0
3812000000	29	41
3813000000	51	68
3814000000	107	94
3815000000	18	21
3816000000	44	33
3817000000	27	25
3818000000	19	7
3819000000	0	0
3820000000	45	31
3821000000	108	110
3822000000	72	86
3823000000	0	0
3824000000	18	12
3825000000	17	25
3826000000	9	4
3827000000	67	73
3828000000	85	120
3829000000	0	0
3830000000	25	14
3831000000	0	1
3832000000	18	30
3833000000	30	8
3834000000	7	6
3835000000	73	129
3836000000	69	91
3837000000	106	113
3838000000	147	89
3839000000	84	53
3840000000	9	16
3841000000	85	76
3842000000	134	151
3843000000	125	203
3844000000	86	89
3845000000	0	0
3846000000	20	36
3847000000	49	32
3848000000	31	63
3849000000	26	33
3850000000	13	35
3851000000	22	41
3852000000	10	11
3853000000	11	8
3854000000	21	20
3855000000	15	15
3856000000	2	2
3857000000	9	12
3858000000	29	44
3859000000	98	153
3860000000	171	263
3861000000	82	129
3862000000	34	61
3863000000	137	129
3864000000	71	153
3865000000	122	177
3866000000	13	18
3867000000	143	165
3868000000	50	63
3869000000	53	94
3870000000	37	45
3871000000	69	153
3872000000	154	215
3873000000	244	158
3874000000	15	13
3875000000	39	54
3876000000	9	11
3877000000	36	61
3878000000	54	61
3879000000	32	48
3880000000	15	19
3881000000	69	96
3882000000	31	33
3883000000	17	13
3884000000	28	18
3885000000	111	176
3886000000	244	364
3887000000	357	412
3888000000	52	59
3889000000	80	159
3890000000	53	54
3891000000	70	139
3892000000	161	253
3893000000	33	84
3894000000	13	26
3895000000	96	256
3896000000	17	5
3897000000	110	189
3898000000	51	51
3899000000	102	76
3900000000	30	9
3901000000	176	121
3902000000	258	173
3903000000	10	15
