position	numhm	numht
5000000	728	1327
10000000	324	420
15000000	523	676
20000000	315	330
25000000	194	208
30000000	221	238
35000000	205	192
40000000	544	513
45000000	450	478
50000000	509	596
55000000	164	179
60000000	236	237
65000000	847	826
70000000	385	338
75000000	261	297
80000000	510	491
85000000	33	42
90000000	108	112
95000000	210	202
100000000	202	193
105000000	15	15
110000000	227	199
115000000	11	12
120000000	31	27
125000000	219	179
130000000	286	393
135000000	200	270
140000000	452	596
145000000	1341	1491
150000000	748	696
155000000	538	527
160000000	412	306
165000000	495	298
170000000	691	714
175000000	611	524
180000000	172	156
185000000	301	268
190000000	245	247
195000000	35	37
200000000	25	30
205000000	42	32
210000000	33	21
215000000	176	163
220000000	36	42
225000000	20	18
230000000	22	18
235000000	93	106
240000000	88	75
245000000	237	216
250000000	111	102
255000000	39	51
260000000	40	21
265000000	74	66
270000000	34	34
275000000	257	220
280000000	257	256
285000000	288	200
290000000	281	226
295000000	230	211
300000000	423	306
305000000	65	90
310000000	352	247
315000000	659	429
320000000	290	162
325000000	103	105
330000000	76	64
335000000	121	130
340000000	80	88
345000000	154	125
350000000	22	33
355000000	100	98
360000000	38	50
365000000	502	397
370000000	224	184
375000000	321	279
380000000	66	49
385000000	48	40
390000000	42	68
395000000	66	111
400000000	142	135
405000000	204	121
410000000	147	126
415000000	411	466
420000000	486	376
425000000	110	111
430000000	630	413
435000000	253	309
440000000	355	609
445000000	144	200
450000000	231	444
455000000	173	315
460000000	589	1145
465000000	438	1031
470000000	470	1261
475000000	1311	933
480000000	691	897
485000000	664	941
490000000	284	169
495000000	475	532
500000000	83	48
505000000	357	282
510000000	87	62
515000000	357	584
520000000	202	275
525000000	136	153
530000000	225	206
535000000	52	102
540000000	448	557
545000000	267	252
550000000	342	328
555000000	620	678
560000000	83	93
565000000	111	102
570000000	35	54
575000000	220	257
580000000	269	329
585000000	98	152
590000000	20	33
595000000	14	10
600000000	21	27
605000000	61	91
610000000	164	127
615000000	35	38
620000000	68	81
625000000	46	40
630000000	19	20
635000000	21	13
640000000	35	21
645000000	58	71
650000000	18	2
655000000	18	15
660000000	17	16
665000000	16	25
670000000	16	27
675000000	39	33
680000000	9	9
685000000	9	16
690000000	20	19
695000000	28	23
700000000	76	93
705000000	96	113
710000000	86	69
715000000	52	57
720000000	25	28
725000000	39	36
730000000	163	183
735000000	59	53
740000000	33	26
745000000	18	22
750000000	34	24
755000000	29	32
760000000	104	132
765000000	8	13
770000000	126	123
775000000	466	450
780000000	12	7
785000000	4	9
790000000	18	27
795000000	38	52
800000000	27	19
805000000	21	15
810000000	0	2
815000000	54	26
820000000	7	15
825000000	100	107
830000000	14	19
835000000	264	291
840000000	334	327
845000000	29	22
850000000	190	257
855000000	705	772
860000000	231	249
865000000	96	82
870000000	28	22
875000000	279	212
880000000	1361	1459
885000000	373	345
890000000	983	970
895000000	421	398
900000000	661	785
905000000	209	338
910000000	348	554
915000000	500	784
920000000	970	1123
925000000	1395	1392
930000000	2188	1963
935000000	1502	1266
940000000	572	559
945000000	979	1090
950000000	335	232
955000000	558	511
960000000	335	286
965000000	295	247
970000000	790	719
975000000	377	278
980000000	333	330
985000000	698	701
990000000	612	512
995000000	590	543
1000000000	720	748
1005000000	828	853
1010000000	1217	1051
1015000000	1497	1190
1020000000	1269	923
1025000000	1136	1150
1030000000	310	335
1035000000	98	142
1040000000	142	221
1045000000	407	604
1050000000	728	693
1055000000	641	845
1060000000	413	411
1065000000	293	199
1070000000	478	492
1075000000	605	639
1080000000	618	565
1085000000	470	532
1090000000	997	1193
1095000000	167	172
1100000000	699	442
1105000000	571	501
1110000000	298	396
1115000000	770	817
1120000000	121	198
1125000000	262	346
1130000000	486	450
1135000000	434	421
1140000000	503	513
1145000000	947	1048
1150000000	346	332
1155000000	61	59
1160000000	108	114
1165000000	28	21
1170000000	9	16
1175000000	32	59
1180000000	41	44
1185000000	732	888
1190000000	110	94
1195000000	188	166
1200000000	145	126
1205000000	26	20
1210000000	80	87
1215000000	209	209
1220000000	26	36
1225000000	256	253
1230000000	41	61
1235000000	319	247
1240000000	417	452
1245000000	62	65
1250000000	308	377
1255000000	157	140
1260000000	119	108
1265000000	7	14
1270000000	167	169
1275000000	17	19
1280000000	369	400
1285000000	143	138
1290000000	94	82
1295000000	26	22
1300000000	24	16
1305000000	253	342
1310000000	23	30
1315000000	7	8
1320000000	30	43
1325000000	25	21
1330000000	17	16
1335000000	6	2
1340000000	37	51
1345000000	9	11
1350000000	311	447
1355000000	143	168
1360000000	16	42
1365000000	350	521
1370000000	579	528
1375000000	17	15
1380000000	241	337
1385000000	558	536
1390000000	40	16
1395000000	14	21
1400000000	10	16
1405000000	9	3
1410000000	21	13
1415000000	18	15
1420000000	21	19
1425000000	30	39
1430000000	25	22
1435000000	19	15
1440000000	70	98
1445000000	394	422
1450000000	225	243
1455000000	289	411
1460000000	611	740
1465000000	191	332
1470000000	242	484
1475000000	327	532
1480000000	303	538
1485000000	659	680
1490000000	885	1036
1495000000	1474	1477
1500000000	2356	2286
1505000000	413	584
1510000000	981	942
1515000000	1390	1548
1520000000	1153	1248
1525000000	947	1126
1530000000	371	346
1535000000	536	420
1540000000	232	262
1545000000	270	166
1550000000	460	454
1555000000	70	84
1560000000	239	262
1565000000	288	286
1570000000	334	427
1575000000	478	421
1580000000	521	408
1585000000	222	308
1590000000	64	92
1595000000	313	381
1600000000	369	306
1605000000	596	530
1610000000	177	280
1615000000	466	529
1620000000	352	408
1625000000	365	346
1630000000	858	662
1635000000	454	408
1640000000	453	556
1645000000	640	499
1650000000	357	462
1655000000	340	519
1660000000	355	685
1665000000	211	263
1670000000	292	412
1675000000	100	170
1680000000	194	169
1685000000	199	212
1690000000	79	115
1695000000	259	298
1700000000	235	144
1705000000	338	344
1710000000	72	71
1715000000	63	64
1720000000	38	48
1725000000	12	38
1730000000	210	208
1735000000	66	39
1740000000	34	40
1745000000	29	44
1750000000	93	97
1755000000	17	8
1760000000	285	281
1765000000	44	41
1770000000	20	27
1775000000	75	90
1780000000	16	20
1785000000	32	27
1790000000	61	52
1795000000	264	237
1800000000	291	249
1805000000	533	439
1810000000	1089	1066
1815000000	366	451
1820000000	565	632
1825000000	425	293
1830000000	18	39
1835000000	34	30
1840000000	50	47
1845000000	120	147
1850000000	77	42
1855000000	96	108
1860000000	148	173
1865000000	284	289
1870000000	538	530
1875000000	528	585
1880000000	10	12
1885000000	13	25
1890000000	24	19
1895000000	29	28
1900000000	42	32
1905000000	144	265
1910000000	152	240
1915000000	246	360
1920000000	228	417
1925000000	338	531
1930000000	354	537
1935000000	446	682
1940000000	572	791
1945000000	797	895
1950000000	1089	1228
1955000000	1507	1569
1960000000	2118	2010
1965000000	1783	1755
1970000000	658	728
1975000000	32	39
1980000000	255	271
1985000000	31	21
1990000000	133	142
1995000000	118	89
2000000000	115	131
2005000000	274	220
2010000000	83	78
2015000000	306	267
2020000000	165	72
2025000000	90	65
2030000000	267	218
2035000000	28	29
2040000000	46	44
2045000000	327	298
2050000000	15	21
2055000000	22	29
2060000000	281	271
2065000000	717	750
2070000000	122	127
2075000000	415	309
2080000000	329	378
2085000000	40	39
2090000000	524	530
2095000000	664	669
2100000000	263	229
2105000000	187	165
2110000000	248	267
2115000000	47	26
2120000000	86	69
2125000000	122	135
2130000000	419	440
2135000000	285	267
2140000000	78	120
2145000000	94	87
2150000000	193	314
2155000000	152	239
2160000000	365	438
2165000000	314	324
2170000000	123	166
2175000000	71	90
2180000000	725	708
2185000000	281	240
2190000000	222	242
2195000000	504	428
2200000000	80	116
2205000000	592	485
2210000000	543	597
2215000000	414	496
2220000000	166	163
2225000000	588	436
2230000000	362	306
2235000000	571	573
2240000000	626	554
2245000000	494	566
2250000000	187	183
2255000000	925	1096
2260000000	801	853
2265000000	802	980
2270000000	755	788
2275000000	640	725
2280000000	212	272
2285000000	462	586
2290000000	414	657
2295000000	1367	1641
2300000000	2379	2407
2305000000	2743	2470
2310000000	176	184
2315000000	207	339
2320000000	520	615
2325000000	121	203
2330000000	317	443
2335000000	663	690
2340000000	390	575
2345000000	534	489
2350000000	21	16
2355000000	24	25
2360000000	30	31
2365000000	19	31
2370000000	9	11
2375000000	20	12
2380000000	17	18
2385000000	303	545
2390000000	624	690
2395000000	24	16
2400000000	24	23
2405000000	5	12
2410000000	11	15
2415000000	16	13
2420000000	40	36
2425000000	35	20
2430000000	27	28
2435000000	19	27
2440000000	24	29
2445000000	65	78
2450000000	6	8
2455000000	21	20
2460000000	14	17
2465000000	37	35
2470000000	181	188
2475000000	112	123
2480000000	18	15
2485000000	350	390
2490000000	460	514
2495000000	596	568
2500000000	117	129
2505000000	775	763
2510000000	540	412
2515000000	116	75
2520000000	52	52
2525000000	73	48
2530000000	265	240
2535000000	53	53
2540000000	188	176
2545000000	39	58
2550000000	119	112
2555000000	143	133
2560000000	145	176
2565000000	884	957
2570000000	648	640
2575000000	179	166
2580000000	103	89
2585000000	26	26
2590000000	593	605
2595000000	156	251
2600000000	118	141
2605000000	298	390
2610000000	431	285
2615000000	163	205
2620000000	254	246
2625000000	424	468
2630000000	138	154
2635000000	91	95
2640000000	240	290
2645000000	291	299
2650000000	898	998
2655000000	214	196
2660000000	289	263
2665000000	223	152
2670000000	476	240
2675000000	626	177
2680000000	822	411
2685000000	1386	860
2690000000	1795	870
2695000000	720	482
2700000000	368	242
2705000000	211	297
2710000000	548	663
2715000000	298	442
2720000000	367	541
2725000000	268	352
2730000000	531	441
2735000000	355	460
2740000000	258	380
2745000000	827	1088
2750000000	503	527
2755000000	746	732
2760000000	288	381
2765000000	372	538
2770000000	461	608
2775000000	588	661
2780000000	667	794
2785000000	533	429
2790000000	465	223
2795000000	260	217
2800000000	231	209
2805000000	109	120
2810000000	331	400
2815000000	386	471
2820000000	207	326
2825000000	239	363
2830000000	1814	2027
2835000000	386	463
2840000000	40	44
2845000000	211	223
2850000000	505	468
2855000000	162	153
2860000000	130	113
2865000000	204	188
2870000000	21	26
2875000000	285	306
2880000000	641	628
2885000000	409	439
2890000000	44	55
2895000000	178	179
2900000000	21	15
2905000000	6	3
2910000000	118	100
2915000000	8	8
2920000000	11	2
2925000000	156	239
2930000000	385	427
2935000000	788	990
2940000000	1815	1699
2945000000	39	18
2950000000	14	15
2955000000	35	57
2960000000	133	123
2965000000	432	508
2970000000	97	92
2975000000	928	955
2980000000	132	135
2985000000	10	2
2990000000	24	25
2995000000	522	450
3000000000	16	5
3005000000	118	123
3010000000	101	146
3015000000	253	366
3020000000	386	492
3025000000	605	622
3030000000	823	888
3035000000	1556	1578
3040000000	956	965
3045000000	274	396
3050000000	349	418
3055000000	971	968
3060000000	1045	945
3065000000	168	206
3070000000	555	535
3075000000	659	697
3080000000	557	570
3085000000	22	21
3090000000	86	116
3095000000	277	304
3100000000	682	734
3105000000	310	334
3110000000	105	99
3115000000	30	19
3120000000	90	94
3125000000	1043	1067
3130000000	487	424
3135000000	30	28
3140000000	253	218
3145000000	16	37
3150000000	394	408
3155000000	48	30
3160000000	26	40
3165000000	518	428
3170000000	575	527
3175000000	34	18
3180000000	411	360
3185000000	518	456
3190000000	99	67
3195000000	521	469
3200000000	379	341
3205000000	486	432
3210000000	135	157
3215000000	791	718
3220000000	215	150
3225000000	195	169
3230000000	156	179
3235000000	596	513
3240000000	499	468
3245000000	134	127
3250000000	281	287
3255000000	133	172
3260000000	280	269
3265000000	116	125
3270000000	410	580
3275000000	392	647
3280000000	352	339
3285000000	384	396
3290000000	302	386
3295000000	630	901
3300000000	330	352
3305000000	622	711
3310000000	1179	1413
3315000000	717	1076
3320000000	381	284
3325000000	232	189
3330000000	507	531
3335000000	207	243
3340000000	811	1084
3345000000	220	245
3350000000	135	135
3355000000	421	382
3360000000	153	162
3365000000	250	254
3370000000	463	455
3375000000	156	173
3380000000	204	169
3385000000	56	66
3390000000	103	131
3395000000	651	601
3400000000	470	527
3405000000	43	94
3410000000	146	186
3415000000	159	175
3420000000	247	268
3425000000	473	455
3430000000	201	198
3435000000	114	90
3440000000	144	131
3445000000	61	63
3450000000	634	830
3455000000	657	598
3460000000	60	51
3465000000	287	232
3470000000	667	577
3475000000	149	141
3480000000	152	205
3485000000	49	65
3490000000	126	138
3495000000	100	147
3500000000	15	21
3505000000	125	194
3510000000	130	138
3515000000	50	29
3520000000	12	9
3525000000	43	32
3530000000	62	98
3535000000	510	657
3540000000	235	255
3545000000	168	112
3550000000	882	797
3555000000	477	353
3560000000	243	222
3565000000	304	268
3570000000	405	379
3575000000	584	556
3580000000	831	825
3585000000	1316	1209
3590000000	2059	1831
3595000000	683	604
3600000000	644	517
3605000000	16	12
3610000000	128	112
3615000000	327	163
3620000000	396	250
3625000000	405	358
3630000000	564	463
3635000000	829	802
3640000000	1472	1534
3645000000	2460	2181
3650000000	92	72
3655000000	18	16
3660000000	5	2
3665000000	41	17
3670000000	26	22
3675000000	296	293
3680000000	12	11
3685000000	53	57
3690000000	8	0
3695000000	372	293
3700000000	133	158
3705000000	84	71
3710000000	211	169
3715000000	108	122
3720000000	164	170
3725000000	110	132
3730000000	704	704
3735000000	43	60
3740000000	162	134
3745000000	85	61
3750000000	38	10
3755000000	38	45
3760000000	521	433
3765000000	326	382
3770000000	244	284
3775000000	760	844
3780000000	531	511
3785000000	153	111
3790000000	224	217
3795000000	97	83
3800000000	120	136
3805000000	356	396
3810000000	62	69
3815000000	205	224
3820000000	135	96
3825000000	215	233
3830000000	186	211
3835000000	128	174
3840000000	415	362
3845000000	430	519
3850000000	139	199
3855000000	79	95
3860000000	309	474
3865000000	446	649
3870000000	296	385
3875000000	521	593
3880000000	146	200
3885000000	256	336
3890000000	786	1048
3895000000	373	758
3900000000	310	330
3905000000	444	309
