position	numhm	numht
10000	1	0
20000	5	0
30000	10	6
40000	13	3
50000	9	0
60000	15	3
70000	33	3
80000	20	3
90000	6	0
100000	5	2
110000	12	1
120000	16	6
130000	17	1
140000	17	3
150000	5	1
160000	6	3
170000	4	5
180000	5	11
190000	6	1
200000	0	0
210000	19	10
220000	4	0
230000	5	0
240000	5	4
250000	14	4
260000	6	7
270000	5	1
280000	0	0
290000	0	0
300000	5	0
310000	1	0
320000	2	0
330000	15	5
340000	5	5
350000	1	0
360000	9	5
370000	1	0
380000	0	1
390000	0	0
400000	0	0
410000	0	0
420000	0	1
430000	0	0
440000	0	0
450000	0	0
460000	0	0
470000	0	1
480000	0	0
490000	0	0
500000	0	0
510000	0	0
520000	0	2
530000	0	0
540000	0	0
550000	0	2
560000	0	0
570000	12	2
580000	17	0
590000	12	2
600000	5	4
610000	11	4
620000	10	2
630000	18	3
640000	11	2
650000	4	0
660000	11	0
670000	1	0
680000	8	2
690000	4	0
700000	6	1
710000	4	0
720000	5	0
730000	17	6
740000	18	2
750000	21	2
760000	5	0
770000	14	1
780000	12	1
790000	8	2
800000	11	1
810000	11	2
820000	23	8
830000	6	1
840000	8	0
850000	9	4
860000	0	0
870000	1	0
880000	1	0
890000	0	0
900000	0	0
910000	0	0
920000	0	0
930000	0	0
940000	0	4
950000	0	0
960000	0	0
970000	2	0
980000	0	0
990000	1	1
1000000	0	0
1010000	0	0
1020000	0	0
1030000	0	0
1040000	0	0
1050000	0	0
1060000	0	0
1070000	0	1
1080000	0	0
1090000	0	0
1100000	0	2
1110000	6	1
1120000	12	0
1130000	23	3
1140000	24	0
1150000	3	0
1160000	19	3
1170000	46	5
1180000	5	0
1190000	16	1
1200000	7	1
1210000	19	0
1220000	15	0
1230000	11	0
1240000	4	3
1250000	10	0
1260000	3	1
1270000	6	0
1280000	5	0
1290000	9	0
1300000	10	0
1310000	14	0
1320000	37	0
1330000	10	1
1340000	13	4
1350000	24	0
1360000	31	1
1370000	24	0
1380000	12	0
1390000	32	4
1400000	15	1
1410000	25	3
1420000	27	0
1430000	3	1
1440000	12	0
1450000	5	1
1460000	1	0
1470000	10	2
1480000	13	0
1490000	15	0
1500000	29	1
1510000	25	3
1520000	12	1
1530000	0	4
1540000	14	1
1550000	7	1
1560000	24	3
1570000	20	0
1580000	25	0
1590000	28	2
1600000	33	0
1610000	26	0
1620000	17	3
1630000	19	2
1640000	17	0
1650000	7	0
1660000	4	0
1670000	9	0
1680000	12	7
1690000	4	0
1700000	10	3
1710000	25	0
1720000	11	3
1730000	24	1
1740000	21	2
1750000	7	0
1760000	2	0
1770000	15	0
1780000	25	0
1790000	15	1
1800000	29	0
1810000	26	0
1820000	29	5
1830000	10	10
1840000	5	0
1850000	6	1
1860000	9	2
1870000	1	0
1880000	1	1
1890000	12	0
1900000	11	1
1910000	6	0
1920000	5	0
1930000	11	0
1940000	1	0
1950000	7	0
1960000	14	0
1970000	11	2
1980000	9	2
1990000	20	3
2000000	23	2
2010000	22	4
2020000	7	1
2030000	22	3
2040000	31	3
2050000	10	2
2060000	6	2
2070000	14	0
2080000	6	0
2090000	4	0
2100000	0	0
2110000	15	0
2120000	7	0
2130000	24	3
2140000	12	0
2150000	4	2
2160000	12	0
2170000	13	0
2180000	4	0
2190000	13	1
2200000	9	0
2210000	5	0
2220000	5	1
2230000	13	2
2240000	16	1
2250000	25	1
2260000	11	0
2270000	2	0
2280000	6	0
2290000	13	0
2300000	22	7
2310000	18	2
2320000	14	1
2330000	8	0
2340000	15	1
2350000	10	1
2360000	12	0
2370000	10	2
2380000	3	0
2390000	18	2
2400000	14	0
2410000	40	19
2420000	13	3
2430000	19	4
2440000	16	12
2450000	19	0
2460000	8	4
2470000	7	1
2480000	13	0
2490000	23	0
2500000	15	2
