position	numhm	numht
10000	0	3
20000	0	1
30000	0	2
40000	1	13
50000	0	5
60000	0	13
70000	4	6
80000	0	4
90000	0	5
100000	0	15
110000	1	9
120000	1	8
130000	1	8
140000	1	7
150000	1	5
160000	0	12
170000	0	11
180000	0	15
190000	0	2
200000	2	17
210000	0	9
220000	1	6
230000	0	10
240000	1	11
250000	0	2
260000	0	8
270000	0	6
280000	0	12
290000	0	5
300000	1	2
310000	0	7
320000	0	1
330000	0	5
340000	2	14
350000	0	9
360000	0	12
370000	1	5
380000	0	14
390000	0	5
400000	2	8
410000	0	17
420000	1	19
430000	0	13
440000	2	5
450000	0	3
460000	0	1
470000	1	8
480000	0	3
490000	0	4
500000	1	6
510000	0	10
520000	3	12
530000	0	3
540000	0	1
550000	5	12
560000	1	11
570000	0	4
580000	0	19
590000	0	5
600000	0	1
610000	0	8
620000	0	5
630000	0	5
640000	0	4
650000	0	4
660000	1	3
670000	0	2
680000	0	18
690000	0	8
700000	0	14
710000	0	9
720000	1	11
730000	2	5
740000	5	8
750000	0	4
760000	1	5
770000	0	15
780000	0	8
790000	0	13
800000	1	6
810000	0	9
820000	0	2
830000	0	0
840000	0	2
850000	1	6
860000	0	3
870000	0	4
880000	0	4
890000	1	3
900000	2	5
910000	0	1
920000	0	8
930000	0	16
940000	1	17
950000	0	5
960000	1	1
970000	1	1
980000	0	3
990000	2	20
1000000	0	7
1010000	0	6
1020000	0	3
1030000	0	9
1040000	0	4
1050000	0	1
1060000	2	7
1070000	2	11
1080000	1	6
1090000	0	15
1100000	1	4
1110000	0	4
1120000	2	12
1130000	1	8
1140000	0	13
1150000	0	2
1160000	0	1
1170000	0	5
1180000	1	11
1190000	0	3
1200000	0	0
1210000	0	5
1220000	0	10
1230000	1	4
1240000	0	4
1250000	0	8
1260000	1	7
1270000	0	2
1280000	2	2
1290000	1	7
1300000	0	1
1310000	0	4
1320000	0	5
1330000	0	8
1340000	0	4
1350000	0	0
1360000	0	2
1370000	0	9
1380000	0	2
1390000	0	3
1400000	0	5
1410000	0	9
1420000	0	6
1430000	0	1
1440000	0	3
1450000	0	1
1460000	0	1
1470000	0	3
1480000	0	4
1490000	0	0
1500000	0	1
1510000	0	0
1520000	0	0
1530000	0	0
1540000	0	0
1550000	0	0
1560000	0	0
1570000	0	0
1580000	0	1
1590000	1	6
1600000	0	5
1610000	0	5
1620000	0	3
1630000	0	0
1640000	0	10
1650000	0	2
1660000	0	2
1670000	0	4
1680000	0	3
1690000	0	6
1700000	0	8
1710000	1	5
1720000	0	8
1730000	0	3
1740000	0	0
1750000	0	2
1760000	0	4
1770000	1	4
1780000	0	11
1790000	1	6
1800000	1	5
1810000	1	11
1820000	0	6
1830000	2	8
1840000	0	10
1850000	0	1
1860000	2	9
1870000	0	5
1880000	0	21
1890000	2	8
1900000	0	1
1910000	0	13
1920000	0	1
1930000	1	3
1940000	0	8
1950000	0	1
1960000	0	0
1970000	0	5
1980000	0	9
1990000	0	5
2000000	0	10
2010000	0	5
2020000	1	3
2030000	0	1
2040000	0	3
2050000	0	15
2060000	1	3
2070000	0	6
2080000	1	9
2090000	0	9
2100000	1	19
2110000	0	1
2120000	0	2
2130000	1	3
2140000	0	1
2150000	0	4
2160000	0	4
2170000	0	0
2180000	1	3
2190000	0	6
2200000	0	1
2210000	1	18
2220000	0	6
2230000	0	9
2240000	0	9
2250000	2	14
2260000	0	1
2270000	0	5
2280000	1	15
2290000	0	7
2300000	0	19
2310000	1	2
2320000	0	0
2330000	0	1
2340000	0	2
2350000	0	4
2360000	1	4
2370000	0	6
2380000	0	3
2390000	0	5
2400000	0	1
2410000	0	3
2420000	0	4
2430000	0	2
2440000	0	0
2450000	0	9
2460000	1	5
2470000	0	7
2480000	0	2
2490000	0	2
2500000	0	0
2510000	0	2
2520000	0	1
2530000	0	1
2540000	0	6
2550000	0	3
2560000	1	2
2570000	1	4
2580000	0	16
2590000	2	10
2600000	0	3
2610000	1	12
2620000	0	5
2630000	0	1
2640000	0	2
2650000	0	7
2660000	0	1
2670000	0	1
2680000	0	5
2690000	0	0
2700000	0	2
2710000	0	1
2720000	0	7
2730000	0	3
2740000	0	5
2750000	1	4
2760000	1	16
2770000	0	10
2780000	1	4
2790000	0	0
2800000	0	3
2810000	0	7
2820000	0	2
2830000	0	4
2840000	0	6
2850000	0	2
2860000	0	1
2870000	0	7
2880000	1	1
2890000	0	4
2900000	1	6
2910000	0	6
2920000	1	11
2930000	1	12
2940000	0	2
2950000	0	1
2960000	0	5
2970000	2	3
2980000	0	18
2990000	1	4
3000000	1	6
3010000	0	3
3020000	0	3
3030000	0	1
3040000	0	6
3050000	0	0
3060000	0	2
3070000	0	2
3080000	0	1
3090000	0	2
3100000	1	7
3110000	0	4
3120000	0	3
3130000	0	3
3140000	0	4
3150000	0	4
3160000	0	4
3170000	0	2
3180000	0	0
3190000	0	2
3200000	0	2
3210000	0	0
3220000	1	2
3230000	0	2
3240000	0	1
3250000	0	0
3260000	0	2
3270000	0	6
3280000	0	4
3290000	0	5
3300000	2	2
3310000	0	2
3320000	0	1
3330000	1	9
3340000	0	4
3350000	0	2
3360000	1	1
3370000	0	6
3380000	0	4
3390000	1	11
3400000	0	0
3410000	0	5
3420000	0	3
3430000	1	4
3440000	0	5
3450000	0	4
3460000	1	3
3470000	0	0
3480000	0	0
3490000	1	0
3500000	0	0
3510000	0	0
3520000	0	7
3530000	0	0
3540000	0	0
3550000	0	0
3560000	0	0
3570000	0	0
3580000	0	0
3590000	0	2
3600000	0	0
3610000	0	0
3620000	0	0
3630000	1	0
3640000	0	0
3650000	0	0
3660000	0	0
3670000	0	0
3680000	0	0
3690000	0	0
3700000	0	0
3710000	0	0
3720000	0	0
3730000	0	0
3740000	0	0
3750000	0	0
3760000	0	0
3770000	0	1
3780000	0	0
3790000	0	0
3800000	0	0
3810000	0	1
3820000	0	0
3830000	0	1
3840000	0	0
3850000	0	0
3860000	0	0
3870000	0	0
3880000	0	0
3890000	0	2
3900000	0	4
3910000	0	0
3920000	0	1
3930000	0	4
3940000	0	7
3950000	0	5
3960000	0	3
3970000	0	3
3980000	0	6
3990000	1	5
4000000	0	3
4010000	0	1
4020000	0	4
4030000	0	3
4040000	0	0
4050000	0	2
4060000	1	1
4070000	0	0
4080000	0	6
4090000	0	6
4100000	0	4
4110000	0	2
4120000	0	1
4130000	0	8
4140000	1	9
4150000	0	5
4160000	0	7
4170000	1	5
4180000	0	15
4190000	0	10
4200000	0	5
4210000	0	4
4220000	0	4
4230000	0	4
4240000	1	12
4250000	0	7
4260000	1	6
4270000	1	3
4280000	0	5
4290000	0	6
4300000	0	8
4310000	0	8
4320000	0	7
4330000	1	11
4340000	0	1
4350000	0	2
4360000	1	5
4370000	1	4
4380000	0	5
4390000	0	4
4400000	0	4
4410000	0	0
4420000	0	2
4430000	0	5
4440000	0	5
4450000	0	1
4460000	0	3
4470000	0	5
4480000	0	4
4490000	0	0
4500000	0	2
4510000	0	4
4520000	1	3
4530000	0	5
4540000	0	6
4550000	0	4
4560000	1	6
4570000	0	6
4580000	0	0
4590000	1	2
4600000	0	3
4610000	0	2
4620000	0	4
4630000	0	6
4640000	0	1
4650000	0	7
4660000	0	4
4670000	0	2
4680000	0	0
4690000	0	1
4700000	0	0
4710000	1	7
4720000	0	1
4730000	1	6
4740000	0	3
4750000	0	1
4760000	0	4
4770000	0	2
4780000	0	0
4790000	3	2
4800000	1	2
4810000	1	16
4820000	1	5
4830000	0	5
4840000	3	1
4850000	1	8
4860000	0	2
4870000	0	5
4880000	1	3
4890000	0	2
4900000	1	4
4910000	0	7
4920000	0	2
4930000	0	4
4940000	1	4
4950000	0	9
4960000	1	6
4970000	0	5
4980000	0	3
4990000	1	3
5000000	0	2
5010000	0	17
5020000	0	0
5030000	0	1
5040000	0	0
5050000	0	0
5060000	0	0
5070000	0	1
5080000	0	0
5090000	0	0
5100000	0	0
5110000	0	1
5120000	0	2
5130000	0	5
5140000	0	2
5150000	0	10
5160000	0	2
5170000	1	2
5180000	1	1
5190000	0	0
5200000	0	1
5210000	0	2
5220000	0	2
5230000	1	6
5240000	1	7
5250000	0	4
5260000	0	13
5270000	1	11
5280000	0	13
5290000	0	50
5300000	1	6
5310000	2	5
5320000	0	1
5330000	0	0
5340000	0	1
5350000	0	8
5360000	1	2
5370000	1	4
5380000	1	1
5390000	1	6
5400000	1	12
5410000	0	7
5420000	0	2
5430000	1	13
5440000	0	9
5450000	0	2
5460000	0	4
5470000	1	3
5480000	1	5
5490000	1	1
5500000	1	3
5510000	0	2
5520000	1	3
5530000	0	2
5540000	0	4
5550000	0	5
5560000	1	8
5570000	0	9
5580000	1	6
5590000	1	4
5600000	0	4
5610000	0	5
5620000	1	5
5630000	0	3
5640000	0	4
5650000	0	1
5660000	0	8
5670000	0	7
5680000	0	2
5690000	0	1
5700000	2	5
5710000	0	7
5720000	1	6
5730000	1	2
5740000	1	1
5750000	0	0
5760000	0	0
5770000	0	1
5780000	0	0
5790000	0	13
5800000	2	4
5810000	0	0
5820000	1	4
5830000	5	12
5840000	2	8
5850000	15	21
5860000	1	8
5870000	2	7
5880000	0	0
5890000	0	0
5900000	0	0
5910000	0	0
5920000	0	0
5930000	0	0
5940000	0	0
5950000	0	0
5960000	0	0
5970000	0	1
5980000	0	0
5990000	1	0
6000000	0	0
6010000	0	0
6020000	0	0
6030000	0	0
6040000	0	0
6050000	0	0
6060000	0	0
6070000	0	0
6080000	0	0
6090000	0	0
6100000	0	0
6110000	0	0
6120000	0	0
6130000	0	0
6140000	0	0
6150000	0	0
6160000	0	0
6170000	0	0
6180000	0	1
6190000	0	0
6200000	0	0
6210000	0	0
6220000	0	0
6230000	0	0
6240000	0	1
6250000	0	0
6260000	1	0
6270000	0	0
6280000	0	1
6290000	0	0
6300000	0	0
6310000	2	11
6320000	3	4
6330000	5	3
6340000	7	21
6350000	7	14
6360000	9	21
6370000	9	7
6380000	3	7
6390000	5	9
6400000	4	6
6410000	10	5
6420000	4	19
6430000	8	6
6440000	13	9
6450000	4	6
6460000	0	0
6470000	0	0
6480000	0	0
6490000	0	0
6500000	0	0
6510000	0	0
6520000	0	2
6530000	0	2
6540000	0	0
6550000	0	1
6560000	0	1
6570000	0	0
6580000	0	1
6590000	1	5
6600000	5	11
6610000	5	4
6620000	1	2
6630000	0	1
6640000	0	0
6650000	2	5
6660000	13	7
6670000	1	7
6680000	5	17
6690000	6	3
6700000	3	3
6710000	16	31
6720000	7	9
6730000	10	5
6740000	0	1
6750000	7	3
6760000	0	1
6770000	19	24
6780000	0	1
6790000	0	3
6800000	0	0
6810000	0	0
6820000	0	0
6830000	0	0
6840000	0	0
6850000	0	1
6860000	0	0
6870000	0	0
6880000	0	0
6890000	0	1
6900000	0	0
6910000	0	0
6920000	0	0
6930000	0	0
6940000	0	2
6950000	0	0
6960000	2	2
6970000	0	3
6980000	1	1
6990000	8	12
7000000	3	1
7010000	0	0
7020000	0	0
7030000	0	0
7040000	0	0
7050000	0	2
7060000	1	0
7070000	0	0
7080000	0	0
7090000	1	0
7100000	0	2
7110000	1	0
7120000	0	1
7130000	0	2
7140000	0	0
7150000	0	0
7160000	0	0
7170000	0	0
7180000	0	0
7190000	1	1
7200000	0	0
7210000	0	1
7220000	0	0
7230000	2	0
7240000	0	0
7250000	0	0
7260000	0	0
7270000	0	0
7280000	0	0
7290000	0	3
7300000	0	0
7310000	0	15
7320000	0	1
7330000	0	5
7340000	0	1
7350000	0	0
7360000	0	0
7370000	1	0
7380000	0	0
7390000	2	3
7400000	0	6
7410000	0	3
7420000	0	0
7430000	0	0
7440000	0	3
7450000	0	0
7460000	0	2
7470000	0	4
7480000	0	2
7490000	4	3
7500000	0	1
7510000	0	0
7520000	0	3
7530000	0	0
7540000	0	1
7550000	0	5
7560000	0	2
7570000	0	0
7580000	0	0
7590000	0	0
7600000	1	7
7610000	0	0
7620000	0	0
7630000	0	0
7640000	0	0
7650000	0	1
7660000	0	0
7670000	0	3
7680000	0	0
7690000	0	2
7700000	0	0
7710000	3	15
7720000	3	42
7730000	0	0
7740000	0	1
7750000	0	1
7760000	0	0
7770000	0	0
7780000	0	0
7790000	0	0
7800000	1	0
7810000	0	3
7820000	0	3
7830000	0	4
7840000	0	3
7850000	0	6
7860000	0	1
7870000	0	0
7880000	0	0
7890000	0	1
7900000	0	0
7910000	0	0
7920000	0	0
7930000	0	0
7940000	0	0
7950000	0	1
7960000	0	0
7970000	0	0
7980000	0	0
7990000	0	0
8000000	0	3
8010000	0	0
8020000	0	0
8030000	0	0
8040000	0	0
8050000	0	0
8060000	0	0
8070000	0	0
8080000	0	0
8090000	0	0
8100000	0	0
8110000	0	0
8120000	0	0
8130000	0	0
8140000	0	0
8150000	0	0
8160000	0	0
8170000	0	0
8180000	0	0
8190000	0	0
8200000	0	0
8210000	0	0
8220000	0	0
8230000	0	0
8240000	1	3
8250000	0	0
8260000	0	4
8270000	0	2
8280000	0	0
8290000	0	0
8300000	0	4
8310000	0	0
8320000	0	0
8330000	0	0
8340000	0	0
8350000	0	0
8360000	0	0
8370000	0	0
8380000	1	6
8390000	0	1
8400000	0	0
8410000	0	0
8420000	0	0
8430000	0	0
8440000	0	5
8450000	0	0
8460000	0	0
8470000	0	3
8480000	10	2
8490000	4	6
8500000	5	3
8510000	4	5
8520000	10	0
8530000	11	4
8540000	5	2
8550000	8	6
8560000	6	0
8570000	7	8
8580000	2	4
8590000	2	8
8600000	0	3
8610000	9	14
8620000	4	7
8630000	9	18
8640000	9	6
8650000	5	2
8660000	7	18
8670000	8	5
8680000	5	10
8690000	6	14
8700000	2	7
8710000	0	3
8720000	16	12
8730000	9	13
8740000	6	15
8750000	4	7
8760000	9	5
8770000	11	19
8780000	18	6
8790000	15	5
8800000	5	1
8810000	0	5
8820000	0	0
8830000	1	2
8840000	0	0
8850000	4	9
8860000	0	4
8870000	3	1
8880000	5	6
8890000	2	1
8900000	0	1
8910000	0	7
8920000	8	8
8930000	4	8
8940000	4	4
8950000	12	3
8960000	16	7
8970000	15	12
8980000	14	4
8990000	16	20
9000000	12	15
9010000	12	12
9020000	10	8
9030000	11	15
9040000	6	9
9050000	18	7
9060000	6	6
9070000	4	13
9080000	14	5
9090000	15	5
9100000	8	11
9110000	13	16
9120000	5	9
9130000	11	7
9140000	7	2
9150000	8	21
9160000	19	4
9170000	22	8
9180000	8	3
9190000	4	9
9200000	7	14
9210000	16	9
9220000	10	7
9230000	15	24
9240000	8	16
9250000	4	9
9260000	12	9
9270000	10	7
9280000	8	5
9290000	8	10
9300000	7	5
9310000	15	15
9320000	4	6
9330000	5	7
9340000	4	14
9350000	2	5
9360000	0	0
9370000	3	0
9380000	14	4
9390000	6	5
9400000	2	6
9410000	11	2
9420000	9	4
9430000	17	5
9440000	22	14
9450000	8	6
9460000	12	2
9470000	8	9
9480000	9	22
9490000	4	9
9500000	1	17
9510000	5	16
9520000	5	2
9530000	5	3
9540000	9	11
9550000	10	5
9560000	6	10
9570000	12	12
9580000	25	3
9590000	6	9
9600000	10	7
9610000	1	4
9620000	0	13
9630000	10	28
9640000	3	17
9650000	1	15
9660000	4	21
9670000	3	17
9680000	4	11
9690000	6	3
9700000	8	15
9710000	9	23
9720000	2	18
9730000	5	1
9740000	3	2
9750000	4	3
9760000	13	18
9770000	15	15
9780000	9	10
9790000	14	34
9800000	1	26
9810000	3	19
9820000	9	34
9830000	9	8
9840000	11	15
9850000	8	5
9860000	32	12
9870000	21	41
9880000	2	4
9890000	0	0
9900000	1	1
9910000	3	0
9920000	0	0
9930000	2	3
9940000	3	4
9950000	10	8
9960000	16	6
9970000	24	50
9980000	9	7
9990000	3	2
10000000	2	4
10010000	2	5
10020000	4	9
10030000	2	2
10040000	2	4
10050000	0	1
10060000	0	4
10070000	0	0
10080000	4	4
10090000	0	0
10100000	0	0
10110000	4	6
10120000	0	0
10130000	1	0
10140000	0	2
10150000	1	3
10160000	7	2
10170000	5	3
10180000	3	4
10190000	1	1
10200000	0	1
10210000	3	4
10220000	2	1
10230000	24	40
10240000	23	38
10250000	35	22
10260000	1	1
10270000	0	0
10280000	0	0
10290000	7	3
10300000	14	12
10310000	11	7
10320000	0	0
10330000	1	2
10340000	8	3
10350000	2	3
10360000	0	1
10370000	9	6
10380000	11	4
10390000	23	9
10400000	18	21
10410000	39	23
10420000	18	79
10430000	4	8
10440000	10	7
10450000	13	11
10460000	6	1
10470000	12	2
10480000	7	5
10490000	6	4
10500000	7	6
10510000	8	10
10520000	6	2
10530000	12	4
10540000	8	3
10550000	6	8
10560000	1	10
10570000	11	16
10580000	7	1
10590000	16	9
10600000	4	6
10610000	23	8
10620000	3	7
10630000	21	10
10640000	3	1
10650000	2	11
10660000	10	11
10670000	2	14
10680000	9	9
10690000	6	6
10700000	6	12
10710000	6	14
10720000	8	6
10730000	8	20
10740000	3	9
10750000	6	6
10760000	5	15
10770000	8	3
10780000	16	6
10790000	7	6
10800000	11	7
10810000	5	0
10820000	7	1
10830000	1	5
10840000	2	1
10850000	1	1
10860000	0	0
10870000	0	0
10880000	7	2
10890000	12	1
10900000	5	1
10910000	21	3
10920000	14	5
10930000	20	4
10940000	9	2
10950000	11	5
10960000	1	1
10970000	23	6
10980000	3	2
10990000	0	0
11000000	11	6
11010000	5	5
11020000	16	4
11030000	12	4
11040000	4	2
11050000	9	5
11060000	5	2
11070000	16	6
11080000	16	2
11090000	17	2
11100000	10	7
11110000	0	0
11120000	0	0
11130000	1	1
11140000	0	4
11150000	0	0
11160000	0	1
11170000	0	0
11180000	0	0
11190000	0	0
11200000	0	0
11210000	7	0
11220000	12	7
11230000	6	6
11240000	0	0
11250000	4	0
11260000	1	0
11270000	5	0
11280000	10	6
11290000	13	3
11300000	9	0
11310000	15	3
11320000	33	3
11330000	20	3
11340000	6	0
11350000	5	2
11360000	12	1
11370000	16	6
11380000	17	1
11390000	17	3
11400000	5	1
11410000	6	3
11420000	4	5
11430000	5	11
11440000	6	1
11450000	0	0
11460000	19	10
11470000	4	0
11480000	5	0
11490000	5	4
11500000	14	4
11510000	6	7
11520000	5	1
11530000	0	0
11540000	0	0
11550000	5	0
11560000	1	0
11570000	2	0
11580000	15	5
11590000	5	5
11600000	1	0
11610000	9	5
11620000	1	0
11630000	0	1
11640000	0	0
11650000	0	0
11660000	0	0
11670000	0	1
11680000	0	0
11690000	0	0
11700000	0	0
11710000	0	0
11720000	0	1
11730000	0	0
11740000	0	0
11750000	0	0
11760000	0	0
11770000	0	2
11780000	0	0
11790000	0	0
11800000	0	2
11810000	0	0
11820000	12	2
11830000	17	0
11840000	12	2
11850000	5	4
11860000	11	4
11870000	10	2
11880000	18	3
11890000	11	2
11900000	4	0
11910000	11	0
11920000	1	0
11930000	8	2
11940000	4	0
11950000	6	1
11960000	4	0
11970000	5	0
11980000	17	6
11990000	18	2
12000000	21	2
12010000	5	0
12020000	14	1
12030000	12	1
12040000	8	2
12050000	11	1
12060000	11	2
12070000	23	8
12080000	6	1
12090000	8	0
12100000	9	4
12110000	0	0
12120000	1	0
12130000	1	0
12140000	0	0
12150000	0	0
12160000	0	0
12170000	0	0
12180000	0	0
12190000	0	4
12200000	0	0
12210000	0	0
12220000	2	0
12230000	0	0
12240000	1	1
12250000	0	0
12260000	0	0
12270000	0	0
12280000	0	0
12290000	0	0
12300000	0	0
12310000	0	0
12320000	0	1
12330000	0	0
12340000	0	0
12350000	0	2
12360000	6	1
12370000	12	0
12380000	23	3
12390000	24	0
12400000	3	0
12410000	19	3
12420000	46	5
12430000	5	0
12440000	16	1
12450000	7	1
12460000	19	0
12470000	15	0
12480000	11	0
12490000	4	3
12500000	10	0
12510000	3	1
12520000	6	0
12530000	5	0
12540000	9	0
12550000	10	0
12560000	14	0
12570000	37	0
12580000	10	1
12590000	13	4
12600000	24	0
12610000	31	1
12620000	24	0
12630000	12	0
12640000	32	4
12650000	15	1
12660000	25	3
12670000	27	0
12680000	3	1
12690000	12	0
12700000	5	1
12710000	1	0
12720000	10	2
12730000	13	0
12740000	15	0
12750000	29	1
12760000	25	3
12770000	12	1
12780000	0	4
12790000	14	1
12800000	7	1
12810000	24	3
12820000	20	0
12830000	25	0
12840000	28	2
12850000	33	0
12860000	26	0
12870000	17	3
12880000	19	2
12890000	17	0
12900000	7	0
12910000	4	0
12920000	9	0
12930000	12	7
12940000	4	0
12950000	10	3
12960000	25	0
12970000	11	3
12980000	24	1
12990000	21	2
13000000	7	0
13010000	2	0
13020000	15	0
13030000	25	0
13040000	15	1
13050000	29	0
13060000	26	0
13070000	29	5
13080000	10	10
13090000	5	0
13100000	6	1
13110000	9	2
13120000	1	0
13130000	1	1
13140000	12	0
13150000	11	1
13160000	6	0
13170000	5	0
13180000	11	0
13190000	1	0
13200000	7	0
13210000	14	0
13220000	11	2
13230000	9	2
13240000	20	3
13250000	23	2
13260000	22	4
13270000	7	1
13280000	22	3
13290000	31	3
13300000	10	2
13310000	6	2
13320000	14	0
13330000	6	0
13340000	4	0
13350000	0	0
13360000	15	0
13370000	7	0
13380000	24	3
13390000	12	0
13400000	4	2
13410000	12	0
13420000	13	0
13430000	4	0
13440000	13	1
13450000	9	0
13460000	5	0
13470000	5	1
13480000	13	2
13490000	16	1
13500000	25	1
13510000	11	0
13520000	2	0
13530000	6	0
13540000	13	0
13550000	22	7
13560000	18	2
13570000	14	1
13580000	8	0
13590000	15	1
13600000	10	1
13610000	12	0
13620000	10	2
13630000	3	0
13640000	18	2
13650000	14	0
13660000	40	19
13670000	13	3
13680000	19	4
13690000	16	12
13700000	19	0
13710000	8	4
13720000	7	1
13730000	13	0
13740000	23	0
13750000	15	2
13760000	16	1
13770000	23	0
13780000	3	3
13790000	4	0
13800000	12	9
13810000	25	1
13820000	5	0
13830000	5	0
13840000	9	0
13850000	10	0
13860000	20	1
13870000	13	1
13880000	4	0
13890000	1	0
13900000	1	0
13910000	2	0
13920000	12	1
13930000	15	0
13940000	32	5
13950000	9	1
13960000	2	0
13970000	3	0
13980000	9	0
13990000	9	1
14000000	3	0
14010000	7	0
14020000	10	0
14030000	22	2
14040000	10	0
14050000	7	0
14060000	7	0
14070000	12	0
14080000	10	1
14090000	19	0
14100000	9	0
14110000	12	1
14120000	5	1
14130000	5	0
14140000	9	0
14150000	5	0
14160000	13	2
14170000	18	1
14180000	12	1
14190000	4	0
14200000	10	1
14210000	50	1
14220000	26	1
14230000	9	1
14240000	12	1
14250000	9	13
14260000	8	0
14270000	3	4
14280000	6	7
14290000	3	0
14300000	0	0
14310000	1	0
14320000	1	0
14330000	0	0
14340000	0	0
14350000	0	0
14360000	0	0
14370000	0	3
14380000	2	5
14390000	3	1
14400000	14	6
14410000	16	0
14420000	20	0
14430000	10	0
14440000	19	0
14450000	31	1
14460000	8	1
14470000	1	0
14480000	9	0
14490000	3	0
14500000	38	0
14510000	18	0
14520000	1	1
14530000	9	0
14540000	5	0
14550000	0	0
14560000	4	1
14570000	12	0
14580000	20	1
14590000	24	0
14600000	29	0
14610000	4	0
14620000	4	0
14630000	2	0
14640000	6	0
14650000	7	0
14660000	5	1
14670000	10	0
14680000	5	1
14690000	11	0
14700000	5	1
14710000	13	0
14720000	1	0
14730000	9	0
14740000	1	0
14750000	2	1
14760000	18	1
14770000	9	1
14780000	10	0
14790000	20	2
14800000	18	4
14810000	8	1
14820000	35	2
14830000	15	2
14840000	18	3
14850000	5	0
14860000	6	0
14870000	11	1
14880000	4	0
14890000	2	0
14900000	3	0
14910000	6	4
14920000	8	1
14930000	16	0
14940000	9	0
14950000	1	0
14960000	15	0
14970000	7	0
14980000	11	0
14990000	6	0
15000000	3	0
15010000	5	0
15020000	8	1
15030000	2	0
15040000	12	0
15050000	15	0
15060000	19	0
15070000	23	1
15080000	31	1
15090000	12	3
15100000	7	0
15110000	36	4
15120000	25	3
15130000	40	1
15140000	14	17
15150000	6	3
15160000	16	9
15170000	4	19
15180000	3	5
15190000	7	10
15200000	6	3
15210000	15	2
15220000	8	0
15230000	0	0
15240000	6	0
15250000	8	0
15260000	14	0
15270000	2	0
15280000	3	0
15290000	7	3
15300000	7	1
15310000	11	1
15320000	7	0
15330000	4	0
15340000	6	1
15350000	7	0
15360000	3	1
15370000	1	0
15380000	9	4
15390000	3	0
15400000	19	1
15410000	12	0
15420000	11	0
15430000	13	1
15440000	8	1
15450000	9	0
15460000	7	3
15470000	3	0
15480000	2	0
15490000	2	0
15500000	6	0
15510000	20	3
15520000	11	0
15530000	1	0
15540000	6	0
15550000	8	0
15560000	7	2
15570000	21	2
15580000	7	0
15590000	4	0
15600000	11	1
15610000	11	3
15620000	7	0
15630000	15	0
15640000	10	3
15650000	6	0
15660000	16	0
15670000	7	0
15680000	2	0
15690000	1	0
15700000	1	0
15710000	0	0
15720000	3	0
15730000	12	0
15740000	8	0
15750000	11	0
15760000	6	1
15770000	27	0
15780000	5	10
15790000	10	0
15800000	5	0
15810000	10	2
15820000	13	1
15830000	4	1
15840000	13	1
15850000	16	0
15860000	7	0
15870000	2	1
15880000	11	2
15890000	6	0
15900000	0	0
15910000	4	1
15920000	15	1
15930000	9	0
15940000	9	1
15950000	10	0
15960000	10	2
15970000	29	4
15980000	7	0
15990000	0	0
16000000	3	1
16010000	3	0
16020000	7	0
16030000	5	1
16040000	6	0
16050000	5	1
16060000	20	8
16070000	9	1
16080000	17	3
16090000	2	3
16100000	10	2
16110000	7	0
16120000	8	0
16130000	7	0
16140000	0	0
16150000	2	0
16160000	5	1
16170000	4	0
16180000	9	4
16190000	0	0
16200000	0	0
16210000	0	0
16220000	17	3
16230000	21	4
16240000	2	0
16250000	22	0
16260000	27	11
16270000	29	9
16280000	12	3
16290000	29	7
16300000	23	2
16310000	11	3
16320000	16	5
16330000	6	0
16340000	9	0
16350000	2	1
16360000	8	0
16370000	7	0
16380000	7	1
16390000	17	6
16400000	23	6
16410000	9	2
16420000	7	0
16430000	9	0
16440000	1	0
16450000	12	0
16460000	13	2
16470000	6	0
16480000	2	1
16490000	15	0
16500000	9	1
16510000	8	2
16520000	4	3
16530000	18	10
16540000	7	0
16550000	2	0
16560000	10	2
16570000	10	6
16580000	6	8
16590000	14	4
16600000	9	1
16610000	5	0
16620000	15	4
16630000	19	6
16640000	33	23
16650000	11	8
16660000	5	1
16670000	27	2
16680000	13	4
16690000	8	5
16700000	0	3
16710000	0	0
16720000	0	0
16730000	0	0
16740000	0	0
16750000	1	0
16760000	1	0
16770000	2	8
16780000	2	4
16790000	2	1
16800000	7	3
16810000	4	0
16820000	2	0
16830000	0	2
16840000	8	1
16850000	1	4
16860000	1	2
16870000	7	2
16880000	6	5
16890000	6	3
16900000	5	0
16910000	8	4
16920000	3	1
16930000	4	1
16940000	3	3
16950000	6	1
16960000	9	3
16970000	7	3
16980000	0	0
16990000	1	0
17000000	2	1
17010000	3	1
17020000	5	5
17030000	4	3
17040000	1	3
17050000	3	1
17060000	1	0
17070000	6	3
17080000	15	12
17090000	13	12
17100000	2	0
17110000	1	0
17120000	0	0
17130000	0	0
17140000	0	0
17150000	0	2
17160000	0	0
17170000	0	1
17180000	1	1
17190000	6	0
17200000	1	2
17210000	20	12
17220000	19	15
17230000	15	9
17240000	7	3
17250000	5	2
17260000	13	5
17270000	17	5
17280000	12	2
17290000	2	1
17300000	3	0
17310000	4	0
17320000	2	0
17330000	6	1
17340000	13	3
17350000	14	12
17360000	9	6
17370000	12	6
17380000	5	1
17390000	5	6
17400000	2	4
17410000	15	6
17420000	14	2
17430000	3	8
17440000	15	8
17450000	10	20
17460000	2	4
17470000	2	6
17480000	7	4
17490000	9	3
17500000	0	1
17510000	4	1
17520000	3	2
17530000	11	9
17540000	7	2
17550000	20	14
17560000	5	6
17570000	2	2
17580000	4	1
17590000	0	1
17600000	2	0
17610000	1	2
17620000	1	1
17630000	10	6
17640000	4	2
17650000	0	0
17660000	2	0
17670000	5	7
17680000	6	4
17690000	1	3
17700000	2	0
17710000	2	2
17720000	0	0
17730000	0	0
17740000	1	0
17750000	0	0
17760000	8	2
17770000	22	18
17780000	31	13
17790000	23	23
17800000	3	3
17810000	4	2
17820000	8	3
17830000	1	0
17840000	0	2
17850000	0	0
17860000	0	0
17870000	0	0
17880000	0	0
17890000	0	0
17900000	0	0
17910000	1	0
17920000	6	6
17930000	4	2
17940000	3	4
17950000	9	5
17960000	5	1
17970000	7	11
17980000	2	5
17990000	11	4
18000000	16	5
18010000	12	6
18020000	1	0
18030000	4	5
18040000	5	2
18050000	2	0
18060000	3	7
18070000	1	0
18080000	6	0
18090000	6	1
18100000	4	1
18110000	9	15
18120000	15	9
18130000	9	4
18140000	3	2
18150000	4	1
18160000	5	2
18170000	3	1
18180000	11	8
18190000	0	0
18200000	1	1
18210000	1	2
18220000	4	1
18230000	3	1
18240000	2	5
18250000	0	2
18260000	3	0
18270000	4	2
18280000	8	3
18290000	1	1
18300000	1	0
18310000	0	0
18320000	0	2
18330000	1	0
18340000	2	1
18350000	1	4
18360000	0	0
18370000	0	0
18380000	0	0
18390000	2	3
18400000	2	2
18410000	1	2
18420000	1	1
18430000	1	0
18440000	1	2
18450000	0	0
18460000	0	0
18470000	1	5
18480000	3	1
18490000	3	0
18500000	3	4
18510000	0	5
18520000	5	4
18530000	0	1
18540000	0	1
18550000	4	4
18560000	7	4
18570000	3	2
18580000	8	3
18590000	2	1
18600000	10	9
18610000	10	6
18620000	3	3
18630000	2	8
18640000	10	9
18650000	1	4
18660000	0	3
18670000	4	1
18680000	1	2
18690000	4	1
18700000	1	1
18710000	5	1
18720000	0	1
18730000	4	9
18740000	0	2
18750000	1	1
18760000	6	2
18770000	7	2
18780000	4	1
18790000	0	2
18800000	6	16
18810000	6	8
18820000	6	3
18830000	6	2
18840000	3	17
18850000	0	1
18860000	0	0
18870000	2	0
18880000	0	4
18890000	9	2
18900000	4	2
18910000	1	2
18920000	1	2
18930000	0	0
18940000	0	0
18950000	2	0
18960000	0	0
18970000	0	0
18980000	0	0
18990000	0	0
19000000	0	0
19010000	1	0
19020000	0	1
19030000	0	0
19040000	0	0
19050000	0	0
19060000	0	0
19070000	0	0
19080000	0	0
19090000	0	0
19100000	0	0
19110000	0	0
19120000	0	0
19130000	0	0
19140000	0	0
19150000	0	0
19160000	0	0
19170000	0	0
19180000	0	0
19190000	0	2
19200000	0	1
19210000	0	0
19220000	1	0
19230000	0	0
19240000	0	0
19250000	0	0
19260000	0	0
19270000	0	0
19280000	0	0
19290000	0	0
19300000	0	0
19310000	0	0
19320000	0	0
19330000	0	0
19340000	1	0
19350000	0	0
19360000	0	0
19370000	0	0
19380000	0	0
19390000	0	0
19400000	0	0
19410000	0	0
19420000	0	0
19430000	0	0
19440000	0	0
19450000	0	0
19460000	0	0
19470000	0	0
19480000	0	0
19490000	0	0
19500000	0	0
19510000	0	0
19520000	1	0
19530000	6	11
19540000	20	16
19550000	0	2
19560000	5	4
19570000	0	1
19580000	3	0
19590000	1	6
19600000	1	3
19610000	5	2
19620000	1	4
19630000	7	1
19640000	4	3
19650000	13	4
19660000	1	0
19670000	0	0
19680000	0	0
19690000	0	0
19700000	0	0
19710000	0	0
19720000	0	0
19730000	0	0
19740000	0	0
19750000	0	0
19760000	0	0
19770000	0	0
19780000	0	0
19790000	0	0
19800000	0	0
19810000	0	0
19820000	0	0
19830000	0	1
19840000	0	0
19850000	0	0
19860000	0	0
19870000	0	0
19880000	0	0
19890000	0	0
19900000	0	0
19910000	0	1
19920000	0	0
19930000	0	0
19940000	0	1
19950000	0	0
19960000	0	0
19970000	0	0
19980000	0	0
19990000	0	0
20000000	0	0
20010000	0	0
20020000	0	0
20030000	0	0
20040000	0	0
20050000	0	0
20060000	0	0
20070000	1	0
20080000	0	0
20090000	0	0
20100000	0	0
20110000	0	0
20120000	0	0
20130000	0	0
20140000	0	0
20150000	0	0
20160000	0	1
20170000	0	0
20180000	0	0
20190000	0	0
20200000	1	0
20210000	0	0
20220000	0	0
20230000	0	0
20240000	0	0
20250000	0	0
20260000	0	0
20270000	0	0
20280000	1	1
20290000	0	0
20300000	2	0
20310000	0	0
20320000	1	0
20330000	0	0
20340000	0	0
20350000	0	0
20360000	1	0
20370000	1	4
20380000	2	1
20390000	4	4
20400000	4	3
20410000	0	1
20420000	8	6
20430000	4	1
20440000	0	2
20450000	2	1
20460000	2	1
20470000	0	3
20480000	3	0
20490000	2	1
20500000	1	6
20510000	1	1
20520000	0	5
20530000	1	2
20540000	11	4
20550000	1	2
20560000	5	2
20570000	2	2
20580000	0	4
20590000	2	1
20600000	4	4
20610000	4	2
20620000	2	2
20630000	0	1
20640000	3	1
20650000	0	2
20660000	3	5
20670000	0	4
20680000	2	2
20690000	1	2
20700000	1	2
20710000	0	1
20720000	0	2
20730000	5	11
20740000	5	9
20750000	5	5
20760000	3	4
20770000	1	0
20780000	0	3
20790000	0	2
20800000	2	3
20810000	4	2
20820000	1	2
20830000	0	2
20840000	3	1
20850000	2	3
20860000	4	3
20870000	1	1
20880000	3	4
20890000	1	3
20900000	0	2
20910000	3	1
20920000	1	2
20930000	3	3
20940000	7	31
20950000	3	3
20960000	2	1
20970000	2	2
20980000	5	1
20990000	2	0
21000000	1	3
21010000	3	4
21020000	3	2
21030000	1	1
21040000	2	2
21050000	2	3
21060000	0	2
21070000	3	2
21080000	1	0
21090000	1	1
21100000	0	0
21110000	0	0
21120000	0	0
21130000	0	0
21140000	0	0
21150000	0	1
21160000	0	0
21170000	0	0
21180000	0	0
21190000	0	0
21200000	0	0
21210000	0	0
21220000	0	2
21230000	0	0
21240000	0	0
21250000	1	1
21260000	0	1
21270000	0	0
21280000	0	0
21290000	0	0
21300000	0	0
21310000	0	0
21320000	0	0
21330000	0	0
21340000	0	0
21350000	0	0
21360000	0	1
21370000	0	0
21380000	0	0
21390000	0	3
21400000	0	0
21410000	0	0
21420000	0	0
21430000	0	1
21440000	0	0
21450000	0	0
21460000	0	0
21470000	1	1
21480000	0	0
21490000	0	0
21500000	1	0
21510000	0	0
21520000	0	1
21530000	0	0
21540000	0	0
21550000	0	1
21560000	1	0
21570000	0	0
21580000	0	0
21590000	2	0
21600000	0	2
21610000	1	1
21620000	2	0
21630000	5	1
21640000	0	0
21650000	0	0
21660000	0	0
21670000	1	0
21680000	0	1
21690000	2	2
21700000	8	17
21710000	5	9
21720000	4	2
21730000	1	3
21740000	2	1
21750000	3	0
21760000	0	0
21770000	0	0
21780000	0	0
21790000	0	0
21800000	0	0
21810000	0	0
21820000	0	1
21830000	2	0
21840000	0	0
21850000	0	0
21860000	1	0
21870000	1	1
21880000	7	7
21890000	18	27
21900000	10	9
21910000	2	3
21920000	7	16
21930000	5	8
21940000	3	8
21950000	2	1
21960000	0	2
21970000	9	6
21980000	2	6
21990000	5	3
22000000	1	7
22010000	4	3
22020000	0	1
22030000	5	6
22040000	3	11
22050000	3	8
22060000	8	12
22070000	10	30
22080000	2	1
22090000	0	3
22100000	2	2
22110000	0	2
22120000	1	0
22130000	1	0
22140000	0	1
22150000	2	3
22160000	4	3
22170000	1	3
22180000	3	1
22190000	2	6
22200000	9	13
22210000	16	25
22220000	3	4
22230000	1	4
22240000	7	13
22250000	2	9
22260000	0	5
22270000	4	8
22280000	3	4
22290000	3	7
22300000	0	4
22310000	1	5
22320000	1	1
22330000	2	2
22340000	12	11
22350000	3	17
22360000	2	3
22370000	3	2
22380000	1	3
22390000	1	4
22400000	2	3
22410000	2	0
22420000	0	1
22430000	0	0
22440000	0	3
22450000	2	2
22460000	1	0
22470000	5	2
22480000	1	3
22490000	0	7
22500000	3	2
22510000	0	3
22520000	1	3
22530000	1	1
22540000	0	1
22550000	3	6
22560000	4	5
22570000	7	12
22580000	4	5
22590000	1	0
22600000	0	2
22610000	0	0
22620000	0	2
22630000	3	1
22640000	3	3
22650000	2	2
22660000	0	1
22670000	0	10
22680000	6	12
22690000	3	4
22700000	4	2
22710000	7	20
22720000	1	4
22730000	1	4
22740000	8	9
22750000	16	49
22760000	12	42
22770000	2	6
22780000	2	8
22790000	5	6
22800000	4	5
22810000	0	0
22820000	0	0
22830000	0	1
22840000	3	0
22850000	0	2
22860000	1	4
22870000	0	1
22880000	5	16
22890000	1	12
22900000	1	1
22910000	5	15
22920000	0	4
22930000	1	5
22940000	1	13
22950000	1	7
22960000	7	13
22970000	0	2
22980000	5	11
22990000	5	3
23000000	2	7
23010000	4	5
23020000	0	0
23030000	1	0
23040000	1	0
23050000	1	3
23060000	0	0
23070000	5	5
23080000	2	4
23090000	1	1
23100000	0	0
23110000	0	0
23120000	0	0
23130000	0	0
23140000	0	1
23150000	0	0
23160000	0	0
23170000	2	2
23180000	1	2
23190000	1	0
23200000	1	4
23210000	0	7
23220000	5	13
23230000	4	10
23240000	2	4
23250000	1	6
23260000	11	16
23270000	5	28
23280000	4	4
23290000	2	7
23300000	0	2
23310000	0	0
23320000	1	2
23330000	3	9
23340000	5	5
23350000	0	0
23360000	0	0
23370000	0	1
23380000	0	1
23390000	0	0
23400000	0	0
23410000	0	0
23420000	0	0
23430000	0	0
23440000	0	0
23450000	0	0
23460000	0	0
23470000	0	0
23480000	0	1
23490000	0	0
23500000	0	3
23510000	1	0
23520000	0	1
23530000	1	3
23540000	5	16
23550000	2	6
23560000	2	7
23570000	0	2
23580000	1	4
23590000	3	1
23600000	0	3
23610000	2	2
23620000	0	2
23630000	0	2
23640000	0	0
23650000	1	0
23660000	1	3
23670000	0	3
23680000	0	1
23690000	1	1
23700000	1	2
23710000	3	15
23720000	5	6
23730000	3	11
23740000	8	22
23750000	5	12
23760000	2	1
23770000	0	5
23780000	1	7
23790000	0	6
23800000	0	6
23810000	0	10
23820000	4	23
23830000	4	17
23840000	1	22
23850000	1	3
23860000	0	1
23870000	1	0
23880000	0	1
23890000	0	2
23900000	0	2
23910000	3	3
23920000	1	12
23930000	4	7
23940000	0	2
23950000	5	8
23960000	2	9
23970000	0	7
23980000	1	0
23990000	1	2
24000000	0	6
24010000	1	4
24020000	0	3
24030000	1	2
24040000	4	1
24050000	1	5
24060000	1	4
24070000	1	3
24080000	4	26
24090000	0	6
24100000	0	6
24110000	2	7
24120000	1	3
24130000	3	4
24140000	2	8
24150000	1	3
24160000	2	6
24170000	0	5
24180000	6	11
24190000	1	13
24200000	3	11
24210000	0	4
24220000	0	2
24230000	0	1
24240000	0	6
24250000	0	1
24260000	0	5
24270000	0	1
24280000	0	8
24290000	1	12
24300000	0	4
24310000	0	11
24320000	1	4
24330000	0	2
24340000	1	8
24350000	0	2
24360000	3	3
24370000	2	21
24380000	0	8
24390000	3	16
24400000	0	7
24410000	0	2
24420000	0	4
24430000	0	3
24440000	0	2
24450000	0	8
24460000	1	0
24470000	0	3
24480000	0	3
24490000	3	8
24500000	0	8
24510000	0	3
24520000	0	5
24530000	0	3
24540000	0	2
24550000	0	0
24560000	1	4
24570000	0	0
24580000	1	4
24590000	1	0
24600000	1	7
24610000	1	1
24620000	0	1
24630000	0	7
24640000	0	1
24650000	0	4
24660000	0	20
24670000	1	15
24680000	2	10
24690000	0	8
24700000	1	6
24710000	1	2
24720000	1	17
24730000	3	13
24740000	0	22
24750000	1	10
24760000	0	5
24770000	1	9
24780000	0	12
24790000	1	5
24800000	2	7
24810000	0	2
24820000	0	3
24830000	2	18
24840000	0	2
24850000	1	9
24860000	0	4
24870000	0	10
24880000	0	13
24890000	0	9
24900000	0	2
24910000	0	3
24920000	0	9
24930000	0	13
24940000	1	8
24950000	0	0
24960000	0	1
24970000	1	2
24980000	0	4
24990000	2	4
25000000	0	9
