position	numhm	numht
10000	0	6
20000	0	2
30000	0	5
40000	0	10
50000	0	6
60000	0	1
70000	2	5
80000	1	5
90000	1	17
100000	0	6
110000	0	5
120000	0	14
130000	0	9
140000	2	25
150000	1	6
160000	1	9
170000	1	7
180000	1	6
190000	0	10
200000	0	2
210000	1	3
220000	1	0
230000	0	5
240000	1	8
250000	0	8
260000	0	5
270000	1	3
280000	1	8
290000	3	12
300000	1	12
310000	7	5
320000	0	7
330000	0	4
340000	0	6
350000	5	41
360000	0	7
370000	0	2
380000	0	5
390000	0	1
400000	0	2
410000	1	0
420000	1	8
430000	0	0
440000	0	1
450000	1	0
460000	0	1
470000	0	2
480000	0	6
490000	0	2
500000	0	2
510000	0	0
520000	0	3
530000	0	5
540000	1	1
550000	0	2
560000	0	4
570000	0	4
580000	0	12
590000	2	8
600000	1	16
610000	0	3
620000	0	9
630000	1	7
640000	0	9
650000	0	1
660000	1	13
670000	0	2
680000	1	9
690000	1	4
700000	3	7
710000	0	1
720000	3	7
730000	1	3
740000	0	2
750000	0	5
760000	0	1
770000	0	2
780000	1	10
790000	0	3
800000	1	3
810000	0	3
820000	0	4
830000	0	4
840000	0	10
850000	3	0
860000	0	0
870000	0	0
880000	0	0
890000	0	0
900000	0	3
910000	0	14
920000	1	13
930000	0	7
940000	1	3
950000	1	4
960000	0	8
970000	0	3
980000	0	5
990000	0	4
1000000	0	5
1010000	0	9
1020000	2	11
1030000	1	7
1040000	5	8
1050000	1	5
1060000	2	6
1070000	0	1
1080000	5	8
1090000	0	5
1100000	0	3
1110000	0	2
1120000	0	2
1130000	0	1
1140000	0	5
1150000	0	0
1160000	0	3
1170000	0	1
1180000	0	8
1190000	0	10
1200000	1	8
1210000	0	8
1220000	0	6
1230000	0	3
1240000	0	3
1250000	0	3
1260000	0	3
1270000	1	7
1280000	0	4
1290000	0	2
1300000	0	0
1310000	0	0
1320000	0	0
1330000	0	1
1340000	0	0
1350000	0	0
1360000	0	0
1370000	0	0
1380000	0	0
1390000	0	0
1400000	0	0
1410000	0	0
1420000	0	0
1430000	0	0
1440000	0	0
1450000	0	1
1460000	0	0
1470000	0	0
1480000	0	0
1490000	0	0
1500000	0	0
1510000	0	0
1520000	0	0
1530000	0	0
1540000	0	1
1550000	0	0
1560000	0	0
1570000	0	0
1580000	0	0
1590000	0	0
1600000	0	0
1610000	0	1
1620000	0	5
1630000	0	5
1640000	1	4
1650000	0	0
1660000	0	1
1670000	0	0
1680000	1	3
1690000	0	0
1700000	0	1
1710000	1	1
1720000	3	18
1730000	0	11
1740000	1	2
1750000	1	1
1760000	2	3
1770000	0	26
1780000	1	2
1790000	1	5
1800000	1	7
1810000	0	7
1820000	4	31
1830000	0	8
1840000	0	1
1850000	2	2
1860000	0	1
1870000	0	3
1880000	1	2
1890000	1	5
1900000	0	3
1910000	0	6
1920000	2	3
1930000	0	14
1940000	1	1
1950000	1	1
1960000	0	1
1970000	0	1
1980000	0	3
1990000	0	2
2000000	0	4
2010000	0	6
2020000	0	0
2030000	1	3
2040000	0	12
2050000	1	8
2060000	0	14
2070000	2	10
2080000	0	3
2090000	0	0
2100000	0	4
2110000	4	18
2120000	0	2
2130000	2	10
2140000	0	7
2150000	2	9
2160000	0	6
2170000	0	5
2180000	0	2
2190000	0	4
2200000	0	2
2210000	0	8
2220000	0	5
2230000	0	5
2240000	0	6
2250000	1	4
2260000	0	8
2270000	0	4
2280000	0	5
2290000	0	7
2300000	0	3
2310000	0	4
2320000	0	2
2330000	0	9
2340000	0	5
2350000	1	3
2360000	1	4
2370000	1	8
2380000	0	4
2390000	0	2
2400000	0	4
2410000	0	3
2420000	0	0
2430000	0	3
2440000	0	4
2450000	0	0
2460000	0	5
2470000	5	9
2480000	0	6
2490000	1	4
2500000	0	3
2510000	0	1
2520000	1	3
2530000	1	7
2540000	0	9
2550000	0	4
2560000	0	0
2570000	1	3
2580000	0	5
2590000	0	7
2600000	0	7
2610000	0	1
2620000	0	6
2630000	1	7
2640000	0	3
2650000	0	2
2660000	0	3
2670000	0	2
2680000	0	5
2690000	0	4
2700000	1	1
2710000	0	6
2720000	0	9
2730000	0	5
2740000	0	6
2750000	0	4
2760000	1	5
2770000	0	6
2780000	1	10
2790000	0	1
2800000	0	1
2810000	0	7
2820000	1	2
2830000	3	10
2840000	1	15
2850000	0	11
2860000	0	9
2870000	1	2
2880000	0	4
2890000	1	15
2900000	1	8
2910000	2	4
2920000	0	20
2930000	1	10
2940000	0	1
2950000	0	0
2960000	1	6
2970000	0	22
2980000	0	2
2990000	4	12
3000000	1	13
3010000	0	4
3020000	0	2
3030000	1	0
3040000	0	2
3050000	1	5
3060000	0	5
3070000	0	4
3080000	1	11
3090000	0	13
3100000	1	9
3110000	3	25
3120000	1	17
3130000	1	15
3140000	4	20
3150000	0	17
3160000	0	11
3170000	0	2
3180000	0	2
3190000	0	3
3200000	0	2
3210000	0	2
3220000	0	3
3230000	0	3
3240000	0	8
3250000	1	2
3260000	1	1
3270000	2	4
3280000	1	10
3290000	2	5
3300000	0	1
3310000	0	4
3320000	0	8
3330000	1	2
3340000	1	4
3350000	3	10
3360000	1	6
3370000	0	4
3380000	0	4
3390000	0	4
3400000	0	3
3410000	1	2
3420000	0	3
3430000	0	7
3440000	1	4
3450000	0	10
3460000	1	2
3470000	0	4
3480000	0	5
3490000	0	14
3500000	0	3
3510000	2	7
3520000	0	0
3530000	0	11
3540000	0	8
3550000	1	2
3560000	0	11
3570000	0	4
3580000	1	11
3590000	1	7
3600000	2	6
3610000	0	2
3620000	2	12
3630000	0	14
3640000	1	5
3650000	1	6
3660000	2	26
3670000	2	5
3680000	2	12
3690000	1	4
3700000	0	7
3710000	1	10
3720000	1	3
3730000	0	2
3740000	1	12
3750000	4	5
3760000	0	15
3770000	0	13
3780000	1	3
3790000	0	7
3800000	0	10
3810000	0	0
3820000	0	2
3830000	0	9
3840000	0	2
3850000	0	18
3860000	0	1
3870000	0	8
3880000	0	13
3890000	0	9
3900000	2	18
3910000	1	17
3920000	1	16
3930000	0	8
3940000	0	4
3950000	0	5
3960000	0	17
3970000	1	5
3980000	0	4
3990000	0	10
4000000	1	15
4010000	1	3
4020000	0	3
4030000	1	4
4040000	0	2
4050000	0	4
4060000	1	5
4070000	2	6
4080000	0	7
4090000	1	16
4100000	1	7
4110000	1	6
4120000	5	10
4130000	3	11
4140000	1	2
4150000	1	4
4160000	0	7
4170000	1	4
4180000	0	5
4190000	1	7
4200000	0	8
4210000	1	13
4220000	0	4
4230000	0	6
4240000	0	8
4250000	1	11
4260000	3	36
4270000	0	3
4280000	1	12
4290000	1	12
4300000	1	27
4310000	0	10
4320000	1	22
4330000	0	24
4340000	1	1
4350000	0	1
4360000	0	17
4370000	1	28
4380000	0	11
4390000	0	33
4400000	0	9
4410000	1	7
4420000	0	0
4430000	1	9
4440000	1	6
4450000	2	4
4460000	1	6
4470000	0	4
4480000	3	25
4490000	1	9
4500000	0	7
4510000	0	3
4520000	3	1
4530000	1	4
4540000	1	11
4550000	2	3
4560000	0	4
4570000	0	8
4580000	1	7
4590000	3	10
4600000	1	11
4610000	2	21
4620000	1	17
4630000	0	3
4640000	1	5
4650000	1	20
4660000	0	13
4670000	1	14
4680000	0	8
4690000	0	8
4700000	0	3
4710000	0	8
4720000	0	4
4730000	1	4
4740000	1	8
4750000	0	7
4760000	0	0
4770000	0	4
4780000	0	5
4790000	0	6
4800000	0	8
4810000	0	0
4820000	1	15
4830000	1	15
4840000	1	20
4850000	1	18
4860000	1	28
4870000	3	20
4880000	2	41
4890000	0	15
4900000	0	20
4910000	0	5
4920000	2	19
4930000	1	1
4940000	1	9
4950000	0	5
4960000	1	9
4970000	0	3
4980000	1	9
4990000	1	6
5000000	0	0
5010000	2	7
5020000	0	7
5030000	0	7
5040000	0	15
5050000	2	12
5060000	0	38
5070000	1	16
5080000	0	12
5090000	0	3
5100000	1	3
5110000	0	10
5120000	1	22
5130000	0	15
5140000	2	4
5150000	0	7
5160000	0	17
5170000	0	17
5180000	1	15
5190000	0	13
5200000	2	14
5210000	0	10
5220000	4	24
5230000	0	10
5240000	0	9
5250000	0	3
5260000	0	2
5270000	1	3
5280000	0	6
5290000	0	3
5300000	2	19
5310000	0	3
5320000	0	9
5330000	2	16
5340000	0	12
5350000	0	5
5360000	1	7
5370000	0	2
5380000	0	7
5390000	0	6
5400000	1	7
5410000	0	3
5420000	1	13
5430000	2	8
5440000	0	5
5450000	0	6
5460000	1	4
5470000	0	4
5480000	1	6
5490000	1	16
5500000	2	14
5510000	2	6
5520000	0	12
5530000	0	3
5540000	0	6
5550000	2	2
5560000	0	2
5570000	1	6
5580000	1	13
5590000	1	11
5600000	1	6
5610000	0	1
5620000	0	9
5630000	1	9
5640000	0	6
5650000	0	9
5660000	2	19
5670000	0	6
5680000	0	13
5690000	0	2
5700000	0	5
5710000	0	1
5720000	1	13
5730000	2	10
5740000	1	10
5750000	1	4
5760000	1	12
5770000	0	7
5780000	0	8
5790000	4	8
5800000	2	26
5810000	0	22
5820000	0	8
5830000	2	5
5840000	4	7
5850000	1	9
5860000	1	10
5870000	0	4
5880000	3	12
5890000	1	4
5900000	1	17
5910000	0	10
5920000	3	22
5930000	0	11
5940000	4	4
5950000	1	8
5960000	1	12
5970000	0	10
5980000	0	19
5990000	0	8
6000000	0	19
6010000	0	10
6020000	2	10
6030000	0	7
6040000	2	33
6050000	1	30
6060000	1	23
6070000	1	12
6080000	0	9
6090000	1	2
6100000	0	12
6110000	0	6
6120000	0	0
6130000	0	0
6140000	0	14
6150000	7	31
6160000	2	5
6170000	1	14
6180000	1	12
6190000	2	23
6200000	1	24
6210000	0	16
6220000	0	26
6230000	0	13
6240000	1	10
6250000	3	3
6260000	0	2
6270000	0	3
6280000	1	8
6290000	0	2
6300000	0	3
6310000	0	10
6320000	0	0
6330000	0	5
6340000	1	8
6350000	0	5
6360000	1	4
6370000	2	20
6380000	1	16
6390000	2	31
6400000	0	17
6410000	1	7
6420000	1	16
6430000	2	45
6440000	2	6
6450000	0	9
6460000	0	26
6470000	0	13
6480000	1	26
6490000	0	8
6500000	0	9
6510000	1	21
6520000	2	9
6530000	1	15
6540000	0	5
6550000	0	17
6560000	0	13
6570000	4	18
6580000	0	2
6590000	2	37
6600000	1	22
6610000	1	5
6620000	0	8
6630000	0	3
6640000	6	15
6650000	0	9
6660000	0	5
6670000	1	20
6680000	1	10
6690000	0	7
6700000	1	8
6710000	0	16
6720000	0	35
6730000	1	14
6740000	0	15
6750000	0	12
6760000	0	19
6770000	2	7
6780000	0	0
6790000	1	8
6800000	0	9
6810000	0	6
6820000	1	7
6830000	3	11
6840000	2	11
6850000	0	16
6860000	1	17
6870000	0	15
6880000	0	20
6890000	1	20
6900000	0	7
6910000	1	4
6920000	0	1
6930000	3	5
6940000	1	6
6950000	1	9
6960000	3	13
6970000	0	10
6980000	3	19
6990000	2	17
7000000	0	19
7010000	3	14
7020000	0	16
7030000	0	36
7040000	0	34
7050000	1	17
7060000	1	32
7070000	0	18
7080000	1	24
7090000	2	21
7100000	0	14
7110000	1	17
7120000	0	6
7130000	0	0
7140000	0	9
7150000	0	12
7160000	3	24
7170000	2	18
7180000	0	17
7190000	2	17
7200000	2	16
7210000	0	16
7220000	0	15
7230000	1	25
7240000	5	23
7250000	2	24
7260000	0	19
7270000	0	30
7280000	0	29
7290000	1	3
7300000	0	7
7310000	0	13
7320000	1	15
7330000	3	23
7340000	1	17
7350000	1	8
7360000	0	4
7370000	0	28
7380000	2	16
7390000	3	35
7400000	1	9
7410000	0	20
7420000	0	8
7430000	2	26
7440000	0	12
7450000	0	0
7460000	1	15
7470000	3	20
7480000	0	9
7490000	2	7
7500000	0	10
7510000	3	11
7520000	1	17
7530000	1	6
7540000	1	6
7550000	0	3
7560000	2	15
7570000	0	4
7580000	0	7
7590000	1	2
7600000	1	13
7610000	1	10
7620000	0	11
7630000	0	25
7640000	4	20
7650000	2	15
7660000	0	7
7670000	0	4
7680000	1	21
7690000	0	17
7700000	0	17
7710000	0	2
7720000	0	1
7730000	0	4
7740000	0	9
7750000	2	11
7760000	1	6
7770000	0	7
7780000	1	15
7790000	0	16
7800000	2	30
7810000	2	14
7820000	1	11
7830000	0	15
7840000	4	19
7850000	0	3
7860000	1	19
7870000	0	8
7880000	1	4
7890000	0	10
7900000	2	27
7910000	3	23
7920000	1	6
7930000	1	6
7940000	0	11
7950000	6	25
7960000	0	4
7970000	0	5
7980000	0	19
7990000	1	13
8000000	1	6
8010000	1	27
8020000	0	25
8030000	0	9
8040000	0	1
8050000	1	5
8060000	1	20
8070000	0	13
8080000	0	16
8090000	6	22
8100000	0	7
8110000	0	37
8120000	2	10
8130000	1	17
8140000	2	20
8150000	1	12
8160000	0	17
8170000	0	22
8180000	1	9
8190000	0	16
8200000	2	26
8210000	1	5
8220000	5	3
8230000	0	21
8240000	0	13
8250000	1	24
8260000	0	7
8270000	1	22
8280000	0	16
8290000	6	15
8300000	0	4
8310000	0	5
8320000	0	1
8330000	0	5
8340000	0	9
8350000	1	21
8360000	0	29
8370000	2	15
8380000	3	4
8390000	0	4
8400000	1	6
8410000	3	10
8420000	0	9
8430000	2	4
8440000	1	8
8450000	3	9
8460000	3	3
8470000	3	13
8480000	0	7
8490000	4	7
8500000	2	21
8510000	0	7
8520000	1	21
8530000	3	7
8540000	2	2
8550000	0	8
8560000	2	3
8570000	0	1
8580000	2	6
8590000	0	8
8600000	0	1
8610000	0	10
8620000	0	7
8630000	0	3
8640000	0	4
8650000	2	51
8660000	0	21
8670000	0	12
8680000	1	14
8690000	0	5
8700000	0	15
8710000	0	12
8720000	0	2
8730000	3	1
8740000	0	0
8750000	0	14
8760000	0	15
8770000	0	19
8780000	1	12
8790000	0	9
8800000	0	4
8810000	1	18
8820000	2	29
8830000	0	0
8840000	0	6
8850000	0	7
8860000	2	22
8870000	4	10
8880000	0	10
8890000	0	3
8900000	1	14
8910000	0	23
8920000	2	10
8930000	1	8
8940000	1	43
8950000	1	59
8960000	2	21
8970000	0	1
8980000	0	9
8990000	1	11
9000000	0	17
9010000	3	17
9020000	0	9
9030000	0	3
9040000	0	6
9050000	2	4
9060000	2	1
9070000	0	1
9080000	0	10
9090000	0	1
9100000	1	6
9110000	3	1
9120000	0	2
9130000	1	10
9140000	0	5
9150000	0	5
9160000	2	3
9170000	7	7
9180000	1	7
9190000	0	0
9200000	0	0
9210000	0	8
9220000	2	53
9230000	3	50
9240000	0	6
9250000	1	16
9260000	0	18
9270000	3	28
9280000	6	45
9290000	3	42
9300000	2	22
9310000	2	29
9320000	2	4
9330000	1	12
9340000	0	20
9350000	0	0
9360000	0	0
9370000	0	11
9380000	0	0
9390000	1	6
9400000	3	19
9410000	0	12
9420000	0	11
9430000	1	16
9440000	1	21
9450000	0	3
9460000	1	14
9470000	0	11
9480000	0	8
9490000	2	11
9500000	1	11
9510000	0	3
9520000	0	3
9530000	0	3
9540000	0	10
9550000	0	4
9560000	0	25
9570000	0	11
9580000	3	35
9590000	0	20
9600000	1	11
9610000	2	30
9620000	3	9
9630000	1	17
9640000	0	9
9650000	0	3
9660000	1	14
9670000	4	16
9680000	0	2
9690000	1	56
9700000	2	13
9710000	1	12
9720000	1	22
9730000	0	12
9740000	0	8
9750000	1	24
9760000	1	21
9770000	1	15
9780000	0	29
9790000	2	26
9800000	0	18
9810000	1	45
9820000	2	31
9830000	2	19
9840000	0	22
9850000	0	8
9860000	2	25
9870000	3	19
9880000	1	20
9890000	0	35
9900000	0	8
9910000	0	10
9920000	0	19
9930000	0	20
9940000	1	10
9950000	1	5
9960000	1	16
9970000	1	11
9980000	0	20
9990000	1	23
10000000	2	29
10010000	0	8
10020000	0	2
10030000	1	10
10040000	0	22
10050000	0	11
10060000	2	21
10070000	1	27
10080000	2	15
10090000	2	28
10100000	0	13
10110000	1	32
10120000	1	22
10130000	0	6
10140000	0	4
10150000	0	4
10160000	0	9
10170000	1	4
10180000	1	9
10190000	0	4
10200000	0	6
10210000	0	4
10220000	0	8
10230000	0	2
10240000	1	12
10250000	0	8
10260000	1	16
10270000	1	11
10280000	1	9
10290000	1	21
10300000	1	6
10310000	0	17
10320000	0	23
10330000	1	13
10340000	3	14
10350000	2	8
10360000	6	8
10370000	2	15
10380000	1	11
10390000	2	18
10400000	1	13
10410000	0	8
10420000	0	3
10430000	3	1
10440000	0	7
10450000	3	34
10460000	0	1
10470000	0	0
10480000	0	1
10490000	0	0
10500000	0	0
10510000	0	3
10520000	0	0
10530000	0	4
10540000	1	6
10550000	1	5
10560000	0	0
10570000	0	0
10580000	0	5
10590000	0	0
10600000	0	0
10610000	0	2
10620000	0	0
10630000	0	0
10640000	0	0
10650000	0	0
10660000	0	1
10670000	0	0
10680000	0	0
10690000	0	0
10700000	5	24
10710000	1	17
10720000	3	25
10730000	1	10
10740000	1	10
10750000	1	18
10760000	0	7
10770000	1	11
10780000	0	3
10790000	0	2
10800000	1	3
10810000	0	2
10820000	0	12
10830000	1	9
10840000	3	10
10850000	0	5
10860000	0	27
10870000	1	10
10880000	1	12
10890000	2	19
10900000	0	18
10910000	0	9
10920000	0	9
10930000	1	23
10940000	0	0
10950000	5	12
10960000	1	18
10970000	0	10
10980000	0	16
10990000	0	11
11000000	0	20
11010000	1	33
11020000	3	17
11030000	0	7
11040000	0	20
11050000	1	10
11060000	0	3
11070000	0	19
11080000	1	36
11090000	2	19
11100000	0	3
11110000	0	3
11120000	0	10
11130000	5	22
11140000	0	9
11150000	2	11
11160000	0	10
11170000	1	6
11180000	2	8
11190000	0	6
11200000	0	9
11210000	0	11
11220000	1	10
11230000	0	4
11240000	0	14
11250000	0	7
11260000	1	7
11270000	1	10
11280000	3	8
11290000	0	21
11300000	1	9
11310000	0	3
11320000	0	9
11330000	0	13
11340000	0	7
11350000	1	16
11360000	3	23
11370000	0	6
11380000	2	13
11390000	1	2
11400000	1	13
11410000	0	0
11420000	0	14
11430000	0	12
11440000	0	9
11450000	2	5
11460000	0	20
11470000	0	6
11480000	0	14
11490000	6	18
11500000	0	20
11510000	2	7
11520000	0	8
11530000	1	11
11540000	0	7
11550000	2	1
11560000	0	24
11570000	0	16
11580000	1	10
11590000	0	4
11600000	0	3
11610000	0	11
11620000	0	15
11630000	2	14
11640000	0	9
11650000	0	29
11660000	0	8
11670000	0	10
11680000	0	8
11690000	1	2
11700000	1	10
11710000	0	2
11720000	0	5
11730000	0	0
11740000	0	1
11750000	1	2
11760000	0	4
11770000	0	1
11780000	2	20
11790000	0	16
11800000	0	15
11810000	0	2
11820000	3	9
11830000	0	11
11840000	0	5
11850000	0	1
11860000	0	9
11870000	1	16
11880000	0	9
11890000	0	11
11900000	0	4
11910000	1	28
11920000	1	25
11930000	0	14
11940000	0	11
11950000	0	7
11960000	0	12
11970000	2	12
11980000	2	17
11990000	1	14
12000000	3	9
12010000	0	13
12020000	0	21
12030000	0	1
12040000	0	14
12050000	0	16
12060000	0	10
12070000	0	13
12080000	0	1
12090000	1	2
12100000	0	0
12110000	0	0
12120000	0	7
12130000	1	13
12140000	1	10
12150000	0	21
12160000	3	18
12170000	1	4
12180000	0	4
12190000	0	5
12200000	2	17
12210000	1	5
12220000	1	12
12230000	0	6
12240000	0	8
12250000	1	0
12260000	1	3
12270000	0	2
12280000	1	4
12290000	0	1
12300000	1	3
12310000	0	8
12320000	0	16
12330000	3	12
12340000	1	1
12350000	0	1
12360000	0	4
12370000	0	1
12380000	0	5
12390000	0	2
12400000	1	2
12410000	0	3
12420000	0	0
12430000	0	2
12440000	1	4
12450000	0	19
12460000	0	3
12470000	1	4
12480000	0	1
12490000	0	4
12500000	0	4
12510000	0	3
12520000	0	1
12530000	0	2
12540000	1	13
12550000	0	5
12560000	0	13
12570000	4	6
12580000	0	4
12590000	0	5
12600000	0	15
12610000	1	9
12620000	1	8
12630000	1	8
12640000	1	7
12650000	1	5
12660000	0	12
12670000	0	11
12680000	0	15
12690000	0	2
12700000	2	17
12710000	0	9
12720000	1	6
12730000	0	10
12740000	1	11
12750000	0	2
12760000	0	8
12770000	0	6
12780000	0	12
12790000	0	5
12800000	1	2
12810000	0	7
12820000	0	1
12830000	0	5
12840000	2	14
12850000	0	9
12860000	0	12
12870000	1	5
12880000	0	14
12890000	0	5
12900000	2	8
12910000	0	17
12920000	1	19
12930000	0	13
12940000	2	5
12950000	0	3
12960000	0	1
12970000	1	8
12980000	0	3
12990000	0	4
13000000	1	6
13010000	0	10
13020000	3	12
13030000	0	3
13040000	0	1
13050000	5	12
13060000	1	11
13070000	0	4
13080000	0	19
13090000	0	5
13100000	0	1
13110000	0	8
13120000	0	5
13130000	0	5
13140000	0	4
13150000	0	4
13160000	1	3
13170000	0	2
13180000	0	18
13190000	0	8
13200000	0	14
13210000	0	9
13220000	1	11
13230000	2	5
13240000	5	8
13250000	0	4
13260000	1	5
13270000	0	15
13280000	0	8
13290000	0	13
13300000	1	6
13310000	0	9
13320000	0	2
13330000	0	0
13340000	0	2
13350000	1	6
13360000	0	3
13370000	0	4
13380000	0	4
13390000	1	3
13400000	2	5
13410000	0	1
13420000	0	8
13430000	0	16
13440000	1	17
13450000	0	5
13460000	1	1
13470000	1	1
13480000	0	3
13490000	2	20
13500000	0	7
13510000	0	6
13520000	0	3
13530000	0	9
13540000	0	4
13550000	0	1
13560000	2	7
13570000	2	11
13580000	1	6
13590000	0	15
13600000	1	4
13610000	0	4
13620000	2	12
13630000	1	8
13640000	0	13
13650000	0	2
13660000	0	1
13670000	0	5
13680000	1	11
13690000	0	3
13700000	0	0
13710000	0	5
13720000	0	10
13730000	1	4
13740000	0	4
13750000	0	8
13760000	1	7
13770000	0	2
13780000	2	2
13790000	1	7
13800000	0	1
13810000	0	4
13820000	0	5
13830000	0	8
13840000	0	4
13850000	0	0
13860000	0	2
13870000	0	9
13880000	0	2
13890000	0	3
13900000	0	5
13910000	0	9
13920000	0	6
13930000	0	1
13940000	0	3
13950000	0	1
13960000	0	1
13970000	0	3
13980000	0	4
13990000	0	0
14000000	0	1
14010000	0	0
14020000	0	0
14030000	0	0
14040000	0	0
14050000	0	0
14060000	0	0
14070000	0	0
14080000	0	1
14090000	1	6
14100000	0	5
14110000	0	5
14120000	0	3
14130000	0	0
14140000	0	10
14150000	0	2
14160000	0	2
14170000	0	4
14180000	0	3
14190000	0	6
14200000	0	8
14210000	1	5
14220000	0	8
14230000	0	3
14240000	0	0
14250000	0	2
14260000	0	4
14270000	1	4
14280000	0	11
14290000	1	6
14300000	1	5
14310000	1	11
14320000	0	6
14330000	2	8
14340000	0	10
14350000	0	1
14360000	2	9
14370000	0	5
14380000	0	21
14390000	2	8
14400000	0	1
14410000	0	13
14420000	0	1
14430000	1	3
14440000	0	8
14450000	0	1
14460000	0	0
14470000	0	5
14480000	0	9
14490000	0	5
14500000	0	10
14510000	0	5
14520000	1	3
14530000	0	1
14540000	0	3
14550000	0	15
14560000	1	3
14570000	0	6
14580000	1	9
14590000	0	9
14600000	1	19
14610000	0	1
14620000	0	2
14630000	1	3
14640000	0	1
14650000	0	4
14660000	0	4
14670000	0	0
14680000	1	3
14690000	0	6
14700000	0	1
14710000	1	18
14720000	0	6
14730000	0	9
14740000	0	9
14750000	2	14
14760000	0	1
14770000	0	5
14780000	1	15
14790000	0	7
14800000	0	19
14810000	1	2
14820000	0	0
14830000	0	1
14840000	0	2
14850000	0	4
14860000	1	4
14870000	0	6
14880000	0	3
14890000	0	5
14900000	0	1
14910000	0	3
14920000	0	4
14930000	0	2
14940000	0	0
14950000	0	9
14960000	1	5
14970000	0	7
14980000	0	2
14990000	0	2
15000000	0	0
15010000	0	2
15020000	0	1
15030000	0	1
15040000	0	6
15050000	0	3
15060000	1	2
15070000	1	4
15080000	0	16
15090000	2	10
15100000	0	3
15110000	1	12
15120000	0	5
15130000	0	1
15140000	0	2
15150000	0	7
15160000	0	1
15170000	0	1
15180000	0	5
15190000	0	0
15200000	0	2
15210000	0	1
15220000	0	7
15230000	0	3
15240000	0	5
15250000	1	4
15260000	1	16
15270000	0	10
15280000	1	4
15290000	0	0
15300000	0	3
15310000	0	7
15320000	0	2
15330000	0	4
15340000	0	6
15350000	0	2
15360000	0	1
15370000	0	7
15380000	1	1
15390000	0	4
15400000	1	6
15410000	0	6
15420000	1	11
15430000	1	12
15440000	0	2
15450000	0	1
15460000	0	5
15470000	2	3
15480000	0	18
15490000	1	4
15500000	1	6
15510000	0	3
15520000	0	3
15530000	0	1
15540000	0	6
15550000	0	0
15560000	0	2
15570000	0	2
15580000	0	1
15590000	0	2
15600000	1	7
15610000	0	4
15620000	0	3
15630000	0	3
15640000	0	4
15650000	0	4
15660000	0	4
15670000	0	2
15680000	0	0
15690000	0	2
15700000	0	2
15710000	0	0
15720000	1	2
15730000	0	2
15740000	0	1
15750000	0	0
15760000	0	2
15770000	0	6
15780000	0	4
15790000	0	5
15800000	2	2
15810000	0	2
15820000	0	1
15830000	1	9
15840000	0	4
15850000	0	2
15860000	1	1
15870000	0	6
15880000	0	4
15890000	1	11
15900000	0	0
15910000	0	5
15920000	0	3
15930000	1	4
15940000	0	5
15950000	0	4
15960000	1	3
15970000	0	0
15980000	0	0
15990000	1	0
16000000	0	0
16010000	0	0
16020000	0	7
16030000	0	0
16040000	0	0
16050000	0	0
16060000	0	0
16070000	0	0
16080000	0	0
16090000	0	2
16100000	0	0
16110000	0	0
16120000	0	0
16130000	1	0
16140000	0	0
16150000	0	0
16160000	0	0
16170000	0	0
16180000	0	0
16190000	0	0
16200000	0	0
16210000	0	0
16220000	0	0
16230000	0	0
16240000	0	0
16250000	0	0
16260000	0	0
16270000	0	1
16280000	0	0
16290000	0	0
16300000	0	0
16310000	0	1
16320000	0	0
16330000	0	1
16340000	0	0
16350000	0	0
16360000	0	0
16370000	0	0
16380000	0	0
16390000	0	2
16400000	0	4
16410000	0	0
16420000	0	1
16430000	0	4
16440000	0	7
16450000	0	5
16460000	0	3
16470000	0	3
16480000	0	6
16490000	1	5
16500000	0	3
16510000	0	1
16520000	0	4
16530000	0	3
16540000	0	0
16550000	0	2
16560000	1	1
16570000	0	0
16580000	0	6
16590000	0	6
16600000	0	4
16610000	0	2
16620000	0	1
16630000	0	8
16640000	1	9
16650000	0	5
16660000	0	7
16670000	1	5
16680000	0	15
16690000	0	10
16700000	0	5
16710000	0	4
16720000	0	4
16730000	0	4
16740000	1	12
16750000	0	7
16760000	1	6
16770000	1	3
16780000	0	5
16790000	0	6
16800000	0	8
16810000	0	8
16820000	0	7
16830000	1	11
16840000	0	1
16850000	0	2
16860000	1	5
16870000	1	4
16880000	0	5
16890000	0	4
16900000	0	4
16910000	0	0
16920000	0	2
16930000	0	5
16940000	0	5
16950000	0	1
16960000	0	3
16970000	0	5
16980000	0	4
16990000	0	0
17000000	0	2
17010000	0	4
17020000	1	3
17030000	0	5
17040000	0	6
17050000	0	4
17060000	1	6
17070000	0	6
17080000	0	0
17090000	1	2
17100000	0	3
17110000	0	2
17120000	0	4
17130000	0	6
17140000	0	1
17150000	0	7
17160000	0	4
17170000	0	2
17180000	0	0
17190000	0	1
17200000	0	0
17210000	1	7
17220000	0	1
17230000	1	6
17240000	0	3
17250000	0	1
17260000	0	4
17270000	0	2
17280000	0	0
17290000	3	2
17300000	1	2
17310000	1	16
17320000	1	5
17330000	0	5
17340000	3	1
17350000	1	8
17360000	0	2
17370000	0	5
17380000	1	3
17390000	0	2
17400000	1	4
17410000	0	7
17420000	0	2
17430000	0	4
17440000	1	4
17450000	0	9
17460000	1	6
17470000	0	5
17480000	0	3
17490000	1	3
17500000	0	2
17510000	0	17
17520000	0	0
17530000	0	1
17540000	0	0
17550000	0	0
17560000	0	0
17570000	0	1
17580000	0	0
17590000	0	0
17600000	0	0
17610000	0	1
17620000	0	2
17630000	0	5
17640000	0	2
17650000	0	10
17660000	0	2
17670000	1	2
17680000	1	1
17690000	0	0
17700000	0	1
17710000	0	2
17720000	0	2
17730000	1	6
17740000	1	7
17750000	0	4
17760000	0	13
17770000	1	11
17780000	0	13
17790000	0	50
17800000	1	6
17810000	2	5
17820000	0	1
17830000	0	0
17840000	0	1
17850000	0	8
17860000	1	2
17870000	1	4
17880000	1	1
17890000	1	6
17900000	1	12
17910000	0	7
17920000	0	2
17930000	1	13
17940000	0	9
17950000	0	2
17960000	0	4
17970000	1	3
17980000	1	5
17990000	1	1
18000000	1	3
18010000	0	2
18020000	1	3
18030000	0	2
18040000	0	4
18050000	0	5
18060000	1	8
18070000	0	9
18080000	1	6
18090000	1	4
18100000	0	4
18110000	0	5
18120000	1	5
18130000	0	3
18140000	0	4
18150000	0	1
18160000	0	8
18170000	0	7
18180000	0	2
18190000	0	1
18200000	2	5
18210000	0	7
18220000	1	6
18230000	1	2
18240000	1	1
18250000	0	0
18260000	0	0
18270000	0	1
18280000	0	0
18290000	0	13
18300000	2	4
18310000	0	0
18320000	1	4
18330000	5	12
18340000	2	8
18350000	15	21
18360000	1	8
18370000	2	7
18380000	0	0
18390000	0	0
18400000	0	0
18410000	0	0
18420000	0	0
18430000	0	0
18440000	0	0
18450000	0	0
18460000	0	0
18470000	0	1
18480000	0	0
18490000	1	0
18500000	0	0
18510000	0	0
18520000	0	0
18530000	0	0
18540000	0	0
18550000	0	0
18560000	0	0
18570000	0	0
18580000	0	0
18590000	0	0
18600000	0	0
18610000	0	0
18620000	0	0
18630000	0	0
18640000	0	0
18650000	0	0
18660000	0	0
18670000	0	0
18680000	0	1
18690000	0	0
18700000	0	0
18710000	0	0
18720000	0	0
18730000	0	0
18740000	0	1
18750000	0	0
18760000	1	0
18770000	0	0
18780000	0	1
18790000	0	0
18800000	0	0
18810000	2	11
18820000	3	4
18830000	5	3
18840000	7	21
18850000	7	14
18860000	9	21
18870000	9	7
18880000	3	7
18890000	5	9
18900000	4	6
18910000	10	5
18920000	4	19
18930000	8	6
18940000	13	9
18950000	4	6
18960000	0	0
18970000	0	0
18980000	0	0
18990000	0	0
19000000	0	0
19010000	0	0
19020000	0	2
19030000	0	2
19040000	0	0
19050000	0	1
19060000	0	1
19070000	0	0
19080000	0	1
19090000	1	5
19100000	5	11
19110000	5	4
19120000	1	2
19130000	0	1
19140000	0	0
19150000	2	5
19160000	13	7
19170000	1	7
19180000	5	17
19190000	6	3
19200000	3	3
19210000	16	31
19220000	7	9
19230000	10	5
19240000	0	1
19250000	7	3
19260000	0	1
19270000	19	24
19280000	0	1
19290000	0	3
19300000	0	0
19310000	0	0
19320000	0	0
19330000	0	0
19340000	0	0
19350000	0	1
19360000	0	0
19370000	0	0
19380000	0	0
19390000	0	1
19400000	0	0
19410000	0	0
19420000	0	0
19430000	0	0
19440000	0	2
19450000	0	0
19460000	2	2
19470000	0	3
19480000	1	1
19490000	8	12
19500000	3	1
19510000	0	0
19520000	0	0
19530000	0	0
19540000	0	0
19550000	0	2
19560000	1	0
19570000	0	0
19580000	0	0
19590000	1	0
19600000	0	2
19610000	1	0
19620000	0	1
19630000	0	2
19640000	0	0
19650000	0	0
19660000	0	0
19670000	0	0
19680000	0	0
19690000	1	1
19700000	0	0
19710000	0	1
19720000	0	0
19730000	2	0
19740000	0	0
19750000	0	0
19760000	0	0
19770000	0	0
19780000	0	0
19790000	0	3
19800000	0	0
19810000	0	15
19820000	0	1
19830000	0	5
19840000	0	1
19850000	0	0
19860000	0	0
19870000	1	0
19880000	0	0
19890000	2	3
19900000	0	6
19910000	0	3
19920000	0	0
19930000	0	0
19940000	0	3
19950000	0	0
19960000	0	2
19970000	0	4
19980000	0	2
19990000	4	3
20000000	0	1
20010000	0	0
20020000	0	3
20030000	0	0
20040000	0	1
20050000	0	5
20060000	0	2
20070000	0	0
20080000	0	0
20090000	0	0
20100000	1	7
20110000	0	0
20120000	0	0
20130000	0	0
20140000	0	0
20150000	0	1
20160000	0	0
20170000	0	3
20180000	0	0
20190000	0	2
20200000	0	0
20210000	3	15
20220000	3	42
20230000	0	0
20240000	0	1
20250000	0	1
20260000	0	0
20270000	0	0
20280000	0	0
20290000	0	0
20300000	1	0
20310000	0	3
20320000	0	3
20330000	0	4
20340000	0	3
20350000	0	6
20360000	0	1
20370000	0	0
20380000	0	0
20390000	0	1
20400000	0	0
20410000	0	0
20420000	0	0
20430000	0	0
20440000	0	0
20450000	0	1
20460000	0	0
20470000	0	0
20480000	0	0
20490000	0	0
20500000	0	3
20510000	0	0
20520000	0	0
20530000	0	0
20540000	0	0
20550000	0	0
20560000	0	0
20570000	0	0
20580000	0	0
20590000	0	0
20600000	0	0
20610000	0	0
20620000	0	0
20630000	0	0
20640000	0	0
20650000	0	0
20660000	0	0
20670000	0	0
20680000	0	0
20690000	0	0
20700000	0	0
20710000	0	0
20720000	0	0
20730000	0	0
20740000	1	3
20750000	0	0
20760000	0	4
20770000	0	2
20780000	0	0
20790000	0	0
20800000	0	4
20810000	0	0
20820000	0	0
20830000	0	0
20840000	0	0
20850000	0	0
20860000	0	0
20870000	0	0
20880000	1	6
20890000	0	1
20900000	0	0
20910000	0	0
20920000	0	0
20930000	0	0
20940000	0	5
20950000	0	0
20960000	0	0
20970000	0	3
20980000	10	2
20990000	4	6
21000000	5	3
21010000	4	5
21020000	10	0
21030000	11	4
21040000	5	2
21050000	8	6
21060000	6	0
21070000	7	8
21080000	2	4
21090000	2	8
21100000	0	3
21110000	9	14
21120000	4	7
21130000	9	18
21140000	9	6
21150000	5	2
21160000	7	18
21170000	8	5
21180000	5	10
21190000	6	14
21200000	2	7
21210000	0	3
21220000	16	12
21230000	9	13
21240000	6	15
21250000	4	7
21260000	9	5
21270000	11	19
21280000	18	6
21290000	15	5
21300000	5	1
21310000	0	5
21320000	0	0
21330000	1	2
21340000	0	0
21350000	4	9
21360000	0	4
21370000	3	1
21380000	5	6
21390000	2	1
21400000	0	1
21410000	0	7
21420000	8	8
21430000	4	8
21440000	4	4
21450000	12	3
21460000	16	7
21470000	15	12
21480000	14	4
21490000	16	20
21500000	12	15
21510000	12	12
21520000	10	8
21530000	11	15
21540000	6	9
21550000	18	7
21560000	6	6
21570000	4	13
21580000	14	5
21590000	15	5
21600000	8	11
21610000	13	16
21620000	5	9
21630000	11	7
21640000	7	2
21650000	8	21
21660000	19	4
21670000	22	8
21680000	8	3
21690000	4	9
21700000	7	14
21710000	16	9
21720000	10	7
21730000	15	24
21740000	8	16
21750000	4	9
21760000	12	9
21770000	10	7
21780000	8	5
21790000	8	10
21800000	7	5
21810000	15	15
21820000	4	6
21830000	5	7
21840000	4	14
21850000	2	5
21860000	0	0
21870000	3	0
21880000	14	4
21890000	6	5
21900000	2	6
21910000	11	2
21920000	9	4
21930000	17	5
21940000	22	14
21950000	8	6
21960000	12	2
21970000	8	9
21980000	9	22
21990000	4	9
22000000	1	17
22010000	5	16
22020000	5	2
22030000	5	3
22040000	9	11
22050000	10	5
22060000	6	10
22070000	12	12
22080000	25	3
22090000	6	9
22100000	10	7
22110000	1	4
22120000	0	13
22130000	10	28
22140000	3	17
22150000	1	15
22160000	4	21
22170000	3	17
22180000	4	11
22190000	6	3
22200000	8	15
22210000	9	23
22220000	2	18
22230000	5	1
22240000	3	2
22250000	4	3
22260000	13	18
22270000	15	15
22280000	9	10
22290000	14	34
22300000	1	26
22310000	3	19
22320000	9	34
22330000	9	8
22340000	11	15
22350000	8	5
22360000	32	12
22370000	21	41
22380000	2	4
22390000	0	0
22400000	1	1
22410000	3	0
22420000	0	0
22430000	2	3
22440000	3	4
22450000	10	8
22460000	16	6
22470000	24	50
22480000	9	7
22490000	3	2
22500000	2	4
22510000	2	5
22520000	4	9
22530000	2	2
22540000	2	4
22550000	0	1
22560000	0	4
22570000	0	0
22580000	4	4
22590000	0	0
22600000	0	0
22610000	4	6
22620000	0	0
22630000	1	0
22640000	0	2
22650000	1	3
22660000	7	2
22670000	5	3
22680000	3	4
22690000	1	1
22700000	0	1
22710000	3	4
22720000	2	1
22730000	24	40
22740000	23	38
22750000	35	22
22760000	1	1
22770000	0	0
22780000	0	0
22790000	7	3
22800000	14	12
22810000	11	7
22820000	0	0
22830000	1	2
22840000	8	3
22850000	2	3
22860000	0	1
22870000	9	6
22880000	11	4
22890000	23	9
22900000	18	21
22910000	39	23
22920000	18	79
22930000	4	8
22940000	10	7
22950000	13	11
22960000	6	1
22970000	12	2
22980000	7	5
22990000	6	4
23000000	7	6
23010000	8	10
23020000	6	2
23030000	12	4
23040000	8	3
23050000	6	8
23060000	1	10
23070000	11	16
23080000	7	1
23090000	16	9
23100000	4	6
23110000	23	8
23120000	3	7
23130000	21	10
23140000	3	1
23150000	2	11
23160000	10	11
23170000	2	14
23180000	9	9
23190000	6	6
23200000	6	12
23210000	6	14
23220000	8	6
23230000	8	20
23240000	3	9
23250000	6	6
23260000	5	15
23270000	8	3
23280000	16	6
23290000	7	6
23300000	11	7
23310000	5	0
23320000	7	1
23330000	1	5
23340000	2	1
23350000	1	1
23360000	0	0
23370000	0	0
23380000	7	2
23390000	12	1
23400000	5	1
23410000	21	3
23420000	14	5
23430000	20	4
23440000	9	2
23450000	11	5
23460000	1	1
23470000	23	6
23480000	3	2
23490000	0	0
23500000	11	6
23510000	5	5
23520000	16	4
23530000	12	4
23540000	4	2
23550000	9	5
23560000	5	2
23570000	16	6
23580000	16	2
23590000	17	2
23600000	10	7
23610000	0	0
23620000	0	0
23630000	1	1
23640000	0	4
23650000	0	0
23660000	0	1
23670000	0	0
23680000	0	0
23690000	0	0
23700000	0	0
23710000	7	0
23720000	12	7
23730000	6	6
23740000	0	0
23750000	4	0
23760000	1	0
23770000	5	0
23780000	10	6
23790000	13	3
23800000	9	0
23810000	15	3
23820000	33	3
23830000	20	3
23840000	6	0
23850000	5	2
23860000	12	1
23870000	16	6
23880000	17	1
23890000	17	3
23900000	5	1
23910000	6	3
23920000	4	5
23930000	5	11
23940000	6	1
23950000	0	0
23960000	19	10
23970000	4	0
23980000	5	0
23990000	5	4
24000000	14	4
24010000	6	7
24020000	5	1
24030000	0	0
24040000	0	0
24050000	5	0
24060000	1	0
24070000	2	0
24080000	15	5
24090000	5	5
24100000	1	0
24110000	9	5
24120000	1	0
24130000	0	1
24140000	0	0
24150000	0	0
24160000	0	0
24170000	0	1
24180000	0	0
24190000	0	0
24200000	0	0
24210000	0	0
24220000	0	1
24230000	0	0
24240000	0	0
24250000	0	0
24260000	0	0
24270000	0	2
24280000	0	0
24290000	0	0
24300000	0	2
24310000	0	0
24320000	12	2
24330000	17	0
24340000	12	2
24350000	5	4
24360000	11	4
24370000	10	2
24380000	18	3
24390000	11	2
24400000	4	0
24410000	11	0
24420000	1	0
24430000	8	2
24440000	4	0
24450000	6	1
24460000	4	0
24470000	5	0
24480000	17	6
24490000	18	2
24500000	21	2
24510000	5	0
24520000	14	1
24530000	12	1
24540000	8	2
24550000	11	1
24560000	11	2
24570000	23	8
24580000	6	1
24590000	8	0
24600000	9	4
24610000	0	0
24620000	1	0
24630000	1	0
24640000	0	0
24650000	0	0
24660000	0	0
24670000	0	0
24680000	0	0
24690000	0	4
24700000	0	0
24710000	0	0
24720000	2	0
24730000	0	0
24740000	1	1
24750000	0	0
24760000	0	0
24770000	0	0
24780000	0	0
24790000	0	0
24800000	0	0
24810000	0	0
24820000	0	1
24830000	0	0
24840000	0	0
24850000	0	2
24860000	6	1
24870000	12	0
24880000	23	3
24890000	24	0
24900000	3	0
24910000	19	3
24920000	46	5
24930000	5	0
24940000	16	1
24950000	7	1
24960000	19	0
24970000	15	0
24980000	11	0
24990000	4	3
25000000	10	0
25010000	3	1
25020000	6	0
25030000	5	0
25040000	9	0
25050000	10	0
25060000	14	0
25070000	37	0
25080000	10	1
25090000	13	4
25100000	24	0
25110000	31	1
25120000	24	0
25130000	12	0
25140000	32	4
25150000	15	1
25160000	25	3
25170000	27	0
25180000	3	1
25190000	12	0
25200000	5	1
25210000	1	0
25220000	10	2
25230000	13	0
25240000	15	0
25250000	29	1
25260000	25	3
25270000	12	1
25280000	0	4
25290000	14	1
25300000	7	1
25310000	24	3
25320000	20	0
25330000	25	0
25340000	28	2
25350000	33	0
25360000	26	0
25370000	17	3
25380000	19	2
25390000	17	0
25400000	7	0
25410000	4	0
25420000	9	0
25430000	12	7
25440000	4	0
25450000	10	3
25460000	25	0
25470000	11	3
25480000	24	1
25490000	21	2
25500000	7	0
25510000	2	0
25520000	15	0
25530000	25	0
25540000	15	1
25550000	29	0
25560000	26	0
25570000	29	5
25580000	10	10
25590000	5	0
25600000	6	1
25610000	9	2
25620000	1	0
25630000	1	1
25640000	12	0
25650000	11	1
25660000	6	0
25670000	5	0
25680000	11	0
25690000	1	0
25700000	7	0
25710000	14	0
25720000	11	2
25730000	9	2
25740000	20	3
25750000	23	2
25760000	22	4
25770000	7	1
25780000	22	3
25790000	31	3
25800000	10	2
25810000	6	2
25820000	14	0
25830000	6	0
25840000	4	0
25850000	0	0
25860000	15	0
25870000	7	0
25880000	24	3
25890000	12	0
25900000	4	2
25910000	12	0
25920000	13	0
25930000	4	0
25940000	13	1
25950000	9	0
25960000	5	0
25970000	5	1
25980000	13	2
25990000	16	1
26000000	25	1
26010000	11	0
26020000	2	0
26030000	6	0
26040000	13	0
26050000	22	7
26060000	18	2
26070000	14	1
26080000	8	0
26090000	15	1
26100000	10	1
26110000	12	0
26120000	10	2
26130000	3	0
26140000	18	2
26150000	14	0
26160000	40	19
26170000	13	3
26180000	19	4
26190000	16	12
26200000	19	0
26210000	8	4
26220000	7	1
26230000	13	0
26240000	23	0
26250000	15	2
26260000	16	1
26270000	23	0
26280000	3	3
26290000	4	0
26300000	12	9
26310000	25	1
26320000	5	0
26330000	5	0
26340000	9	0
26350000	10	0
26360000	20	1
26370000	13	1
26380000	4	0
26390000	1	0
26400000	1	0
26410000	2	0
26420000	12	1
26430000	15	0
26440000	32	5
26450000	9	1
26460000	2	0
26470000	3	0
26480000	9	0
26490000	9	1
26500000	3	0
26510000	7	0
26520000	10	0
26530000	22	2
26540000	10	0
26550000	7	0
26560000	7	0
26570000	12	0
26580000	10	1
26590000	19	0
26600000	9	0
26610000	12	1
26620000	5	1
26630000	5	0
26640000	9	0
26650000	5	0
26660000	13	2
26670000	18	1
26680000	12	1
26690000	4	0
26700000	10	1
26710000	50	1
26720000	26	1
26730000	9	1
26740000	12	1
26750000	9	13
26760000	8	0
26770000	3	4
26780000	6	7
26790000	3	0
26800000	0	0
26810000	1	0
26820000	1	0
26830000	0	0
26840000	0	0
26850000	0	0
26860000	0	0
26870000	0	3
26880000	2	5
26890000	3	1
26900000	14	6
26910000	16	0
26920000	20	0
26930000	10	0
26940000	19	0
26950000	31	1
26960000	8	1
26970000	1	0
26980000	9	0
26990000	3	0
27000000	38	0
27010000	18	0
27020000	1	1
27030000	9	0
27040000	5	0
27050000	0	0
27060000	4	1
27070000	12	0
27080000	20	1
27090000	24	0
27100000	29	0
27110000	4	0
27120000	4	0
27130000	2	0
27140000	6	0
27150000	7	0
27160000	5	1
27170000	10	0
27180000	5	1
27190000	11	0
27200000	5	1
27210000	13	0
27220000	1	0
27230000	9	0
27240000	1	0
27250000	2	1
27260000	18	1
27270000	9	1
27280000	10	0
27290000	20	2
27300000	18	4
27310000	8	1
27320000	35	2
27330000	15	2
27340000	18	3
27350000	5	0
27360000	6	0
27370000	11	1
27380000	4	0
27390000	2	0
27400000	3	0
27410000	6	4
27420000	8	1
27430000	16	0
27440000	9	0
27450000	1	0
27460000	15	0
27470000	7	0
27480000	11	0
27490000	6	0
27500000	3	0
27510000	5	0
27520000	8	1
27530000	2	0
27540000	12	0
27550000	15	0
27560000	19	0
27570000	23	1
27580000	31	1
27590000	12	3
27600000	7	0
27610000	36	4
27620000	25	3
27630000	40	1
27640000	14	17
27650000	6	3
27660000	16	9
27670000	4	19
27680000	3	5
27690000	7	10
27700000	6	3
27710000	15	2
27720000	8	0
27730000	0	0
27740000	6	0
27750000	8	0
27760000	14	0
27770000	2	0
27780000	3	0
27790000	7	3
27800000	7	1
27810000	11	1
27820000	7	0
27830000	4	0
27840000	6	1
27850000	7	0
27860000	3	1
27870000	1	0
27880000	9	4
27890000	3	0
27900000	19	1
27910000	12	0
27920000	11	0
27930000	13	1
27940000	8	1
27950000	9	0
27960000	7	3
27970000	3	0
27980000	2	0
27990000	2	0
28000000	6	0
28010000	20	3
28020000	11	0
28030000	1	0
28040000	6	0
28050000	8	0
28060000	7	2
28070000	21	2
28080000	7	0
28090000	4	0
28100000	11	1
28110000	11	3
28120000	7	0
28130000	15	0
28140000	10	3
28150000	6	0
28160000	16	0
28170000	7	0
28180000	2	0
28190000	1	0
28200000	1	0
28210000	0	0
28220000	3	0
28230000	12	0
28240000	8	0
28250000	11	0
28260000	6	1
28270000	27	0
28280000	5	10
28290000	10	0
28300000	5	0
28310000	10	2
28320000	13	1
28330000	4	1
28340000	13	1
28350000	16	0
28360000	7	0
28370000	2	1
28380000	11	2
28390000	6	0
28400000	0	0
28410000	4	1
28420000	15	1
28430000	9	0
28440000	9	1
28450000	10	0
28460000	10	2
28470000	29	4
28480000	7	0
28490000	0	0
28500000	3	1
28510000	3	0
28520000	7	0
28530000	5	1
28540000	6	0
28550000	5	1
28560000	20	8
28570000	9	1
28580000	17	3
28590000	2	3
28600000	10	2
28610000	7	0
28620000	8	0
28630000	7	0
28640000	0	0
28650000	2	0
28660000	5	1
28670000	4	0
28680000	9	4
28690000	0	0
28700000	0	0
28710000	0	0
28720000	17	3
28730000	21	4
28740000	2	0
28750000	22	0
28760000	27	11
28770000	29	9
28780000	12	3
28790000	29	7
28800000	23	2
28810000	11	3
28820000	16	5
28830000	6	0
28840000	9	0
28850000	2	1
28860000	8	0
28870000	7	0
28880000	7	1
28890000	17	6
28900000	23	6
28910000	9	2
28920000	7	0
28930000	9	0
28940000	1	0
28950000	12	0
28960000	13	2
28970000	6	0
28980000	2	1
28990000	15	0
29000000	9	1
29010000	8	2
29020000	4	3
29030000	18	10
29040000	7	0
29050000	2	0
29060000	10	2
29070000	10	6
29080000	6	8
29090000	14	4
29100000	9	1
29110000	5	0
29120000	15	4
29130000	19	6
29140000	33	23
29150000	11	8
29160000	5	1
29170000	27	2
29180000	13	4
29190000	8	5
29200000	0	3
29210000	0	0
29220000	0	0
29230000	0	0
29240000	0	0
29250000	1	0
29260000	1	0
29270000	2	8
29280000	2	4
29290000	2	1
29300000	7	3
29310000	4	0
29320000	2	0
29330000	0	2
29340000	8	1
29350000	1	4
29360000	1	2
29370000	7	2
29380000	6	5
29390000	6	3
29400000	5	0
29410000	8	4
29420000	3	1
29430000	4	1
29440000	3	3
29450000	6	1
29460000	9	3
29470000	7	3
29480000	0	0
29490000	1	0
29500000	2	1
29510000	3	1
29520000	5	5
29530000	4	3
29540000	1	3
29550000	3	1
29560000	1	0
29570000	6	3
29580000	15	12
29590000	13	12
29600000	2	0
29610000	1	0
29620000	0	0
29630000	0	0
29640000	0	0
29650000	0	2
29660000	0	0
29670000	0	1
29680000	1	1
29690000	6	0
29700000	1	2
29710000	20	12
29720000	19	15
29730000	15	9
29740000	7	3
29750000	5	2
29760000	13	5
29770000	17	5
29780000	12	2
29790000	2	1
29800000	3	0
29810000	4	0
29820000	2	0
29830000	6	1
29840000	13	3
29850000	14	12
29860000	9	6
29870000	12	6
29880000	5	1
29890000	5	6
29900000	2	4
29910000	15	6
29920000	14	2
29930000	3	8
29940000	15	8
29950000	10	20
29960000	2	4
29970000	2	6
29980000	7	4
29990000	9	3
30000000	0	1
30010000	4	1
30020000	3	2
30030000	11	9
30040000	7	2
30050000	20	14
30060000	5	6
30070000	2	2
30080000	4	1
30090000	0	1
30100000	2	0
30110000	1	2
30120000	1	1
30130000	10	6
30140000	4	2
30150000	0	0
30160000	2	0
30170000	5	7
30180000	6	4
30190000	1	3
30200000	2	0
30210000	2	2
30220000	0	0
30230000	0	0
30240000	1	0
30250000	0	0
30260000	8	2
30270000	22	18
30280000	31	13
30290000	23	23
30300000	3	3
30310000	4	2
30320000	8	3
30330000	1	0
30340000	0	2
30350000	0	0
30360000	0	0
30370000	0	0
30380000	0	0
30390000	0	0
30400000	0	0
30410000	1	0
30420000	6	6
30430000	4	2
30440000	3	4
30450000	9	5
30460000	5	1
30470000	7	11
30480000	2	5
30490000	11	4
30500000	16	5
30510000	12	6
30520000	1	0
30530000	4	5
30540000	5	2
30550000	2	0
30560000	3	7
30570000	1	0
30580000	6	0
30590000	6	1
30600000	4	1
30610000	9	15
30620000	15	9
30630000	9	4
30640000	3	2
30650000	4	1
30660000	5	2
30670000	3	1
30680000	11	8
30690000	0	0
30700000	1	1
30710000	1	2
30720000	4	1
30730000	3	1
30740000	2	5
30750000	0	2
30760000	3	0
30770000	4	2
30780000	8	3
30790000	1	1
30800000	1	0
30810000	0	0
30820000	0	2
30830000	1	0
30840000	2	1
30850000	1	4
30860000	0	0
30870000	0	0
30880000	0	0
30890000	2	3
30900000	2	2
30910000	1	2
30920000	1	1
30930000	1	0
30940000	1	2
30950000	0	0
30960000	0	0
30970000	1	5
30980000	3	1
30990000	3	0
31000000	3	4
31010000	0	5
31020000	5	4
31030000	0	1
31040000	0	1
31050000	4	4
31060000	7	4
31070000	3	2
31080000	8	3
31090000	2	1
31100000	10	9
31110000	10	6
31120000	3	3
31130000	2	8
31140000	10	9
31150000	1	4
31160000	0	3
31170000	4	1
31180000	1	2
31190000	4	1
31200000	1	1
31210000	5	1
31220000	0	1
31230000	4	9
31240000	0	2
31250000	1	1
31260000	6	2
31270000	7	2
31280000	4	1
31290000	0	2
31300000	6	16
31310000	6	8
31320000	6	3
31330000	6	2
31340000	3	17
31350000	0	1
31360000	0	0
31370000	2	0
31380000	0	4
31390000	9	2
31400000	4	2
31410000	1	2
31420000	1	2
31430000	0	0
31440000	0	0
31450000	2	0
31460000	0	0
31470000	0	0
31480000	0	0
31490000	0	0
31500000	0	0
31510000	1	0
31520000	0	1
31530000	0	0
31540000	0	0
31550000	0	0
31560000	0	0
31570000	0	0
31580000	0	0
31590000	0	0
31600000	0	0
31610000	0	0
31620000	0	0
31630000	0	0
31640000	0	0
31650000	0	0
31660000	0	0
31670000	0	0
31680000	0	0
31690000	0	2
31700000	0	1
31710000	0	0
31720000	1	0
31730000	0	0
31740000	0	0
31750000	0	0
31760000	0	0
31770000	0	0
31780000	0	0
31790000	0	0
31800000	0	0
31810000	0	0
31820000	0	0
31830000	0	0
31840000	1	0
31850000	0	0
31860000	0	0
31870000	0	0
31880000	0	0
31890000	0	0
31900000	0	0
31910000	0	0
31920000	0	0
31930000	0	0
31940000	0	0
31950000	0	0
31960000	0	0
31970000	0	0
31980000	0	0
31990000	0	0
32000000	0	0
32010000	0	0
32020000	1	0
32030000	6	11
32040000	20	16
32050000	0	2
32060000	5	4
32070000	0	1
32080000	3	0
32090000	1	6
32100000	1	3
32110000	5	2
32120000	1	4
32130000	7	1
32140000	4	3
32150000	13	4
32160000	1	0
32170000	0	0
32180000	0	0
32190000	0	0
32200000	0	0
32210000	0	0
32220000	0	0
32230000	0	0
32240000	0	0
32250000	0	0
32260000	0	0
32270000	0	0
32280000	0	0
32290000	0	0
32300000	0	0
32310000	0	0
32320000	0	0
32330000	0	1
32340000	0	0
32350000	0	0
32360000	0	0
32370000	0	0
32380000	0	0
32390000	0	0
32400000	0	0
32410000	0	1
32420000	0	0
32430000	0	0
32440000	0	1
32450000	0	0
32460000	0	0
32470000	0	0
32480000	0	0
32490000	0	0
32500000	0	0
32510000	0	0
32520000	0	0
32530000	0	0
32540000	0	0
32550000	0	0
32560000	0	0
32570000	1	0
32580000	0	0
32590000	0	0
32600000	0	0
32610000	0	0
32620000	0	0
32630000	0	0
32640000	0	0
32650000	0	0
32660000	0	1
32670000	0	0
32680000	0	0
32690000	0	0
32700000	1	0
32710000	0	0
32720000	0	0
32730000	0	0
32740000	0	0
32750000	0	0
32760000	0	0
32770000	0	0
32780000	1	1
32790000	0	0
32800000	2	0
32810000	0	0
32820000	1	0
32830000	0	0
32840000	0	0
32850000	0	0
32860000	1	0
32870000	1	4
32880000	2	1
32890000	4	4
32900000	4	3
32910000	0	1
32920000	8	6
32930000	4	1
32940000	0	2
32950000	2	1
32960000	2	1
32970000	0	3
32980000	3	0
32990000	2	1
33000000	1	6
33010000	1	1
33020000	0	5
33030000	1	2
33040000	11	4
33050000	1	2
33060000	5	2
33070000	2	2
33080000	0	4
33090000	2	1
33100000	4	4
33110000	4	2
33120000	2	2
33130000	0	1
33140000	3	1
33150000	0	2
33160000	3	5
33170000	0	4
33180000	2	2
33190000	1	2
33200000	1	2
33210000	0	1
33220000	0	2
33230000	5	11
33240000	5	9
33250000	5	5
33260000	3	4
33270000	1	0
33280000	0	3
33290000	0	2
33300000	2	3
33310000	4	2
33320000	1	2
33330000	0	2
33340000	3	1
33350000	2	3
33360000	4	3
33370000	1	1
33380000	3	4
33390000	1	3
33400000	0	2
33410000	3	1
33420000	1	2
33430000	3	3
33440000	7	31
33450000	3	3
33460000	2	1
33470000	2	2
33480000	5	1
33490000	2	0
33500000	1	3
33510000	3	4
33520000	3	2
33530000	1	1
33540000	2	2
33550000	2	3
33560000	0	2
33570000	3	2
33580000	1	0
33590000	1	1
33600000	0	0
33610000	0	0
33620000	0	0
33630000	0	0
33640000	0	0
33650000	0	1
33660000	0	0
33670000	0	0
33680000	0	0
33690000	0	0
33700000	0	0
33710000	0	0
33720000	0	2
33730000	0	0
33740000	0	0
33750000	1	1
33760000	0	1
33770000	0	0
33780000	0	0
33790000	0	0
33800000	0	0
33810000	0	0
33820000	0	0
33830000	0	0
33840000	0	0
33850000	0	0
33860000	0	1
33870000	0	0
33880000	0	0
33890000	0	3
33900000	0	0
33910000	0	0
33920000	0	0
33930000	0	1
33940000	0	0
33950000	0	0
33960000	0	0
33970000	1	1
33980000	0	0
33990000	0	0
34000000	1	0
34010000	0	0
34020000	0	1
34030000	0	0
34040000	0	0
34050000	0	1
34060000	1	0
34070000	0	0
34080000	0	0
34090000	2	0
34100000	0	2
34110000	1	1
34120000	2	0
34130000	5	1
34140000	0	0
34150000	0	0
34160000	0	0
34170000	1	0
34180000	0	1
34190000	2	2
34200000	8	17
34210000	5	9
34220000	4	2
34230000	1	3
34240000	2	1
34250000	3	0
34260000	0	0
34270000	0	0
34280000	0	0
34290000	0	0
34300000	0	0
34310000	0	0
34320000	0	1
34330000	2	0
34340000	0	0
34350000	0	0
34360000	1	0
34370000	1	1
34380000	7	7
34390000	18	27
34400000	10	9
34410000	2	3
34420000	7	16
34430000	5	8
34440000	3	8
34450000	2	1
34460000	0	2
34470000	9	6
34480000	2	6
34490000	5	3
34500000	1	7
34510000	4	3
34520000	0	1
34530000	5	6
34540000	3	11
34550000	3	8
34560000	8	12
34570000	10	30
34580000	2	1
34590000	0	3
34600000	2	2
34610000	0	2
34620000	1	0
34630000	1	0
34640000	0	1
34650000	2	3
34660000	4	3
34670000	1	3
34680000	3	1
34690000	2	6
34700000	9	13
34710000	16	25
34720000	3	4
34730000	1	4
34740000	7	13
34750000	2	9
34760000	0	5
34770000	4	8
34780000	3	4
34790000	3	7
34800000	0	4
34810000	1	5
34820000	1	1
34830000	2	2
34840000	12	11
34850000	3	17
34860000	2	3
34870000	3	2
34880000	1	3
34890000	1	4
34900000	2	3
34910000	2	0
34920000	0	1
34930000	0	0
34940000	0	3
34950000	2	2
34960000	1	0
34970000	5	2
34980000	1	3
34990000	0	7
35000000	3	2
35010000	0	3
35020000	1	3
35030000	1	1
35040000	0	1
35050000	3	6
35060000	4	5
35070000	7	12
35080000	4	5
35090000	1	0
35100000	0	2
35110000	0	0
35120000	0	2
35130000	3	1
35140000	3	3
35150000	2	2
35160000	0	1
35170000	0	10
35180000	6	12
35190000	3	4
35200000	4	2
35210000	7	20
35220000	1	4
35230000	1	4
35240000	8	9
35250000	16	49
35260000	12	42
35270000	2	6
35280000	2	8
35290000	5	6
35300000	4	5
35310000	0	0
35320000	0	0
35330000	0	1
35340000	3	0
35350000	0	2
35360000	1	4
35370000	0	1
35380000	5	16
35390000	1	12
35400000	1	1
35410000	5	15
35420000	0	4
35430000	1	5
35440000	1	13
35450000	1	7
35460000	7	13
35470000	0	2
35480000	5	11
35490000	5	3
35500000	2	7
35510000	4	5
35520000	0	0
35530000	1	0
35540000	1	0
35550000	1	3
35560000	0	0
35570000	5	5
35580000	2	4
35590000	1	1
35600000	0	0
35610000	0	0
35620000	0	0
35630000	0	0
35640000	0	1
35650000	0	0
35660000	0	0
35670000	2	2
35680000	1	2
35690000	1	0
35700000	1	4
35710000	0	7
35720000	5	13
35730000	4	10
35740000	2	4
35750000	1	6
35760000	11	16
35770000	5	28
35780000	4	4
35790000	2	7
35800000	0	2
35810000	0	0
35820000	1	2
35830000	3	9
35840000	5	5
35850000	0	0
35860000	0	0
35870000	0	1
35880000	0	1
35890000	0	0
35900000	0	0
35910000	0	0
35920000	0	0
35930000	0	0
35940000	0	0
35950000	0	0
35960000	0	0
35970000	0	0
35980000	0	1
35990000	0	0
36000000	0	3
36010000	1	0
36020000	0	1
36030000	1	3
36040000	5	16
36050000	2	6
36060000	2	7
36070000	0	2
36080000	1	4
36090000	3	1
36100000	0	3
36110000	2	2
36120000	0	2
36130000	0	2
36140000	0	0
36150000	1	0
36160000	1	3
36170000	0	3
36180000	0	1
36190000	1	1
36200000	1	2
36210000	3	15
36220000	5	6
36230000	3	11
36240000	8	22
36250000	5	12
36260000	2	1
36270000	0	5
36280000	1	7
36290000	0	6
36300000	0	6
36310000	0	10
36320000	4	23
36330000	4	17
36340000	1	22
36350000	1	3
36360000	0	1
36370000	1	0
36380000	0	1
36390000	0	2
36400000	0	2
36410000	3	3
36420000	1	12
36430000	4	7
36440000	0	2
36450000	5	8
36460000	2	9
36470000	0	7
36480000	1	0
36490000	1	2
36500000	0	6
36510000	1	4
36520000	0	3
36530000	1	2
36540000	4	1
36550000	1	5
36560000	1	4
36570000	1	3
36580000	4	26
36590000	0	6
36600000	0	6
36610000	2	7
36620000	1	3
36630000	3	4
36640000	2	8
36650000	1	3
36660000	2	6
36670000	0	5
36680000	6	11
36690000	1	13
36700000	3	11
36710000	0	4
36720000	0	2
36730000	0	1
36740000	0	6
36750000	0	1
36760000	0	5
36770000	0	1
36780000	0	8
36790000	1	12
36800000	0	4
36810000	0	11
36820000	1	4
36830000	0	2
36840000	1	8
36850000	0	2
36860000	3	3
36870000	2	21
36880000	0	8
36890000	3	16
36900000	0	7
36910000	0	2
36920000	0	4
36930000	0	3
36940000	0	2
36950000	0	8
36960000	1	0
36970000	0	3
36980000	0	3
36990000	3	8
37000000	0	8
37010000	0	3
37020000	0	5
37030000	0	3
37040000	0	2
37050000	0	0
37060000	1	4
37070000	0	0
37080000	1	4
37090000	1	0
37100000	1	7
37110000	1	1
37120000	0	1
37130000	0	7
37140000	0	1
37150000	0	4
37160000	0	20
37170000	1	15
37180000	2	10
37190000	0	8
37200000	1	6
37210000	1	2
37220000	1	17
37230000	3	13
37240000	0	22
37250000	1	10
37260000	0	5
37270000	1	9
37280000	0	12
37290000	1	5
37300000	2	7
37310000	0	2
37320000	0	3
37330000	2	18
37340000	0	2
37350000	1	9
37360000	0	4
37370000	0	10
37380000	0	13
37390000	0	9
37400000	0	2
37410000	0	3
37420000	0	9
37430000	0	13
37440000	1	8
37450000	0	0
37460000	0	1
37470000	1	2
37480000	0	4
37490000	2	4
37500000	0	9
37510000	0	7
37520000	1	10
37530000	1	11
37540000	1	16
37550000	2	16
37560000	2	15
37570000	0	11
37580000	0	9
37590000	0	8
37600000	0	9
37610000	1	11
37620000	0	2
37630000	0	3
37640000	0	1
37650000	0	5
37660000	0	6
37670000	0	3
37680000	1	3
37690000	0	0
37700000	0	3
37710000	0	2
37720000	0	5
37730000	1	12
37740000	0	14
37750000	2	8
37760000	0	7
37770000	2	8
37780000	0	3
37790000	0	7
37800000	0	3
37810000	1	3
37820000	0	15
37830000	0	6
37840000	0	2
37850000	0	8
37860000	0	13
37870000	0	1
37880000	0	5
37890000	0	1
37900000	0	0
37910000	0	2
37920000	1	3
37930000	0	6
37940000	1	7
37950000	0	1
37960000	0	0
37970000	0	0
37980000	0	0
37990000	0	0
38000000	0	0
38010000	0	0
38020000	1	9
38030000	0	16
38040000	1	8
38050000	0	8
38060000	1	4
38070000	0	2
38080000	2	7
38090000	0	2
38100000	2	18
38110000	3	13
38120000	0	0
38130000	0	0
38140000	1	4
38150000	0	3
38160000	0	9
38170000	0	5
38180000	0	2
38190000	1	5
38200000	0	2
38210000	0	3
38220000	0	8
38230000	3	2
38240000	1	3
38250000	0	3
38260000	0	3
38270000	0	3
38280000	1	3
38290000	0	2
38300000	0	2
38310000	0	6
38320000	0	0
38330000	0	4
38340000	0	13
38350000	0	4
38360000	0	1
38370000	0	2
38380000	0	5
38390000	0	2
38400000	0	3
38410000	1	2
38420000	1	4
38430000	0	3
38440000	0	0
38450000	1	5
38460000	2	22
38470000	2	24
38480000	0	12
38490000	0	0
38500000	0	0
38510000	0	0
38520000	0	0
38530000	0	0
38540000	0	0
38550000	0	0
38560000	0	0
38570000	0	0
38580000	0	0
38590000	0	0
38600000	0	0
38610000	0	0
38620000	0	0
38630000	0	0
38640000	0	0
38650000	0	0
38660000	0	8
38670000	0	3
38680000	1	1
38690000	0	6
38700000	0	1
38710000	0	0
38720000	0	2
38730000	0	2
38740000	0	1
38750000	0	2
38760000	1	4
38770000	0	1
38780000	1	3
38790000	0	5
38800000	0	19
38810000	0	6
38820000	1	12
38830000	0	4
38840000	2	10
38850000	0	3
38860000	0	5
38870000	0	3
38880000	0	12
38890000	0	2
38900000	1	0
38910000	0	6
38920000	1	13
38930000	1	3
38940000	1	10
38950000	0	4
38960000	0	16
38970000	1	6
38980000	1	8
38990000	0	2
39000000	0	5
39010000	0	3
39020000	0	2
39030000	0	2
39040000	0	7
39050000	1	2
39060000	0	1
39070000	0	7
39080000	0	11
39090000	0	5
39100000	0	3
39110000	1	8
39120000	0	1
39130000	0	4
39140000	0	4
39150000	0	2
39160000	1	9
39170000	0	7
39180000	0	4
39190000	0	23
39200000	0	9
39210000	0	2
39220000	0	0
39230000	0	1
39240000	0	1
39250000	0	0
39260000	0	1
39270000	0	1
39280000	1	1
39290000	0	1
39300000	0	18
39310000	0	0
39320000	1	2
39330000	0	3
39340000	0	2
39350000	0	1
39360000	0	1
39370000	0	0
39380000	1	0
39390000	0	1
39400000	0	0
39410000	0	0
39420000	0	4
39430000	0	0
39440000	0	0
39450000	0	1
39460000	0	0
39470000	0	1
39480000	0	4
39490000	0	4
39500000	1	10
39510000	0	7
39520000	0	5
39530000	0	1
39540000	0	0
39550000	0	0
39560000	0	0
39570000	0	0
39580000	0	1
39590000	0	1
39600000	0	1
39610000	0	0
39620000	0	0
39630000	0	3
39640000	1	3
39650000	0	0
39660000	0	0
39670000	0	1
39680000	1	2
39690000	0	5
39700000	0	5
39710000	0	6
39720000	0	1
39730000	0	1
39740000	0	0
39750000	0	0
39760000	0	0
39770000	0	0
39780000	0	0
39790000	0	1
39800000	0	3
39810000	0	4
39820000	0	5
39830000	0	1
39840000	2	4
39850000	0	4
39860000	0	13
39870000	0	1
39880000	0	3
39890000	0	3
39900000	1	6
39910000	1	6
39920000	0	10
39930000	0	13
39940000	1	8
39950000	0	1
39960000	0	3
39970000	0	3
39980000	0	1
39990000	0	1
40000000	0	1
40010000	0	3
40020000	0	6
40030000	0	4
40040000	0	1
40050000	1	5
40060000	0	3
40070000	1	2
40080000	0	3
40090000	2	34
40100000	0	11
40110000	0	5
40120000	0	4
40130000	0	1
40140000	3	3
40150000	0	2
40160000	0	3
40170000	0	3
40180000	0	2
40190000	0	9
40200000	0	9
40210000	0	3
40220000	2	5
40230000	0	10
40240000	3	3
40250000	0	0
40260000	0	3
40270000	0	8
40280000	0	4
40290000	0	4
40300000	0	6
40310000	0	5
40320000	0	23
40330000	1	18
40340000	0	16
40350000	0	6
40360000	0	6
40370000	0	4
40380000	0	0
40390000	0	2
40400000	0	1
40410000	0	1
40420000	0	2
40430000	1	3
40440000	0	2
40450000	2	12
40460000	1	22
40470000	2	15
40480000	3	6
40490000	0	2
40500000	0	7
40510000	0	1
40520000	0	3
40530000	0	7
40540000	1	9
40550000	0	7
40560000	0	9
40570000	0	2
40580000	1	11
40590000	0	3
40600000	0	0
40610000	0	0
40620000	0	0
40630000	0	0
40640000	0	0
40650000	0	1
40660000	0	0
40670000	0	0
40680000	0	0
40690000	0	0
40700000	0	0
40710000	0	0
40720000	0	0
40730000	0	8
40740000	0	14
40750000	0	12
40760000	0	4
40770000	0	6
40780000	1	6
40790000	0	2
40800000	1	2
40810000	0	4
40820000	0	7
40830000	0	1
40840000	0	2
40850000	0	2
40860000	0	3
40870000	0	3
40880000	0	4
40890000	1	3
40900000	0	3
40910000	0	6
40920000	0	5
40930000	3	1
40940000	0	11
40950000	0	2
40960000	0	10
40970000	1	4
40980000	1	1
40990000	1	2
41000000	0	3
41010000	0	2
41020000	0	1
41030000	0	3
41040000	0	1
41050000	1	2
41060000	0	2
41070000	1	6
41080000	0	0
41090000	0	1
41100000	0	2
41110000	0	1
41120000	0	10
41130000	0	0
41140000	0	3
41150000	0	2
41160000	0	3
41170000	2	9
41180000	0	9
41190000	0	4
41200000	0	4
41210000	0	1
41220000	0	3
41230000	0	2
41240000	0	4
41250000	1	2
41260000	0	11
41270000	0	3
41280000	1	1
41290000	0	8
41300000	2	4
41310000	1	4
41320000	0	2
41330000	0	2
41340000	0	2
41350000	0	1
41360000	0	5
41370000	0	1
41380000	1	6
41390000	0	3
41400000	0	0
41410000	0	1
41420000	0	2
41430000	0	3
41440000	0	1
41450000	0	4
41460000	0	3
41470000	0	6
41480000	0	3
41490000	1	3
41500000	0	0
41510000	0	2
41520000	0	2
41530000	0	0
41540000	0	8
41550000	0	3
41560000	0	2
41570000	0	1
41580000	0	13
41590000	1	0
41600000	0	6
41610000	0	7
41620000	0	0
41630000	0	2
41640000	1	1
41650000	1	0
41660000	0	0
41670000	0	0
41680000	0	0
41690000	0	0
41700000	0	0
41710000	0	0
41720000	0	0
41730000	0	0
41740000	0	1
41750000	0	0
41760000	0	0
41770000	0	0
41780000	0	0
41790000	0	0
41800000	0	0
41810000	0	1
41820000	0	0
41830000	0	0
41840000	0	0
41850000	0	1
41860000	0	0
41870000	0	2
41880000	1	6
41890000	0	18
41900000	0	0
41910000	0	0
41920000	0	1
41930000	0	4
41940000	0	3
41950000	2	16
41960000	0	4
41970000	1	4
41980000	0	3
41990000	1	7
42000000	1	11
42010000	1	6
42020000	2	7
42030000	0	11
42040000	0	14
42050000	1	18
42060000	0	4
42070000	0	11
42080000	1	12
42090000	2	7
42100000	0	5
42110000	0	4
42120000	2	1
42130000	3	3
42140000	0	1
42150000	1	0
42160000	0	2
42170000	0	2
42180000	0	1
42190000	0	1
42200000	0	0
42210000	0	2
42220000	0	0
42230000	0	0
42240000	0	1
42250000	0	0
42260000	1	13
42270000	0	3
42280000	1	2
42290000	0	6
42300000	0	4
42310000	0	3
42320000	0	3
42330000	0	4
42340000	0	0
42350000	1	4
42360000	1	5
42370000	1	4
42380000	0	10
42390000	0	21
42400000	0	11
42410000	3	30
42420000	5	8
42430000	1	6
42440000	0	17
42450000	0	3
42460000	0	13
42470000	0	1
42480000	0	3
42490000	1	2
42500000	0	4
42510000	0	3
42520000	0	0
42530000	0	6
42540000	0	2
42550000	1	2
42560000	0	2
42570000	2	8
42580000	2	5
42590000	0	4
42600000	0	5
42610000	3	26
42620000	0	5
42630000	2	5
42640000	0	7
42650000	0	3
42660000	0	2
42670000	1	27
42680000	2	12
42690000	0	5
42700000	0	2
42710000	0	0
42720000	0	3
42730000	0	7
42740000	1	14
42750000	0	6
42760000	0	1
42770000	0	1
42780000	0	5
42790000	1	12
42800000	0	11
42810000	0	19
42820000	0	4
42830000	0	11
42840000	0	10
42850000	0	3
42860000	0	5
42870000	0	12
42880000	0	8
42890000	0	0
42900000	0	1
42910000	1	1
42920000	0	3
42930000	0	5
42940000	0	5
42950000	1	1
42960000	1	6
42970000	1	2
42980000	1	6
42990000	1	12
43000000	0	6
43010000	0	3
43020000	1	4
43030000	1	5
43040000	2	2
43050000	1	3
43060000	0	2
43070000	0	1
43080000	0	2
43090000	1	4
43100000	1	8
43110000	5	8
43120000	2	15
43130000	0	1
43140000	0	2
43150000	3	4
43160000	0	5
43170000	0	9
43180000	1	10
43190000	3	7
43200000	2	8
43210000	2	9
43220000	1	6
43230000	0	1
43240000	0	0
43250000	2	0
43260000	0	11
43270000	1	2
43280000	0	8
43290000	0	1
43300000	0	2
43310000	0	8
43320000	1	2
43330000	2	9
43340000	0	5
43350000	1	6
43360000	1	15
43370000	0	4
43380000	0	7
43390000	0	7
43400000	2	19
43410000	0	17
43420000	1	21
43430000	1	5
43440000	0	2
43450000	0	2
43460000	0	5
43470000	0	5
43480000	0	5
43490000	0	5
43500000	0	4
43510000	1	3
43520000	0	2
43530000	0	6
43540000	0	3
43550000	1	3
43560000	0	1
43570000	2	5
43580000	1	3
43590000	0	2
43600000	0	5
43610000	2	14
43620000	1	37
43630000	7	28
43640000	1	7
43650000	1	18
43660000	0	17
43670000	0	4
43680000	1	16
43690000	0	4
43700000	0	18
43710000	3	12
43720000	0	4
43730000	0	6
43740000	0	3
43750000	3	11
43760000	2	18
43770000	19	106
43780000	1	33
43790000	0	17
43800000	1	10
43810000	1	5
43820000	0	11
43830000	0	4
43840000	0	7
43850000	0	8
43860000	0	6
43870000	0	7
43880000	0	4
43890000	0	3
43900000	0	5
43910000	4	12
43920000	0	8
43930000	1	9
43940000	1	4
43950000	3	11
43960000	0	4
43970000	0	9
43980000	0	3
43990000	0	1
44000000	1	1
44010000	0	1
44020000	0	1
44030000	0	0
44040000	0	2
44050000	1	3
44060000	0	1
44070000	0	5
44080000	3	13
44090000	1	22
44100000	3	7
44110000	1	4
44120000	0	6
44130000	0	4
44140000	0	6
44150000	0	15
44160000	0	3
44170000	0	4
44180000	0	11
44190000	0	12
44200000	0	6
44210000	2	18
44220000	3	19
44230000	6	6
44240000	0	21
44250000	1	14
44260000	1	2
44270000	1	10
44280000	0	21
44290000	0	6
44300000	0	4
44310000	0	3
44320000	0	2
44330000	0	3
44340000	1	2
44350000	0	2
44360000	0	5
44370000	0	3
44380000	1	3
44390000	0	17
44400000	0	11
44410000	0	3
44420000	0	8
44430000	1	16
44440000	0	8
44450000	0	4
44460000	0	16
44470000	1	35
44480000	0	8
44490000	0	5
44500000	0	1
44510000	0	2
44520000	1	4
44530000	0	3
44540000	0	15
44550000	0	15
44560000	0	9
44570000	0	22
44580000	0	5
44590000	0	3
44600000	0	3
44610000	1	22
44620000	0	11
44630000	0	12
44640000	1	6
44650000	1	4
44660000	0	8
44670000	0	7
44680000	0	3
44690000	0	4
44700000	0	3
44710000	1	8
44720000	2	3
44730000	1	5
44740000	0	5
44750000	0	9
44760000	0	16
44770000	1	11
44780000	1	11
44790000	0	17
44800000	1	4
44810000	0	23
44820000	0	6
44830000	1	4
44840000	2	10
44850000	1	4
44860000	0	3
44870000	2	18
44880000	1	14
44890000	1	4
44900000	1	4
44910000	0	4
44920000	2	7
44930000	2	7
44940000	4	18
44950000	1	5
44960000	0	13
44970000	1	12
44980000	1	7
44990000	1	25
45000000	1	2
45010000	0	8
45020000	0	10
45030000	0	0
45040000	0	1
45050000	0	0
45060000	0	8
45070000	0	8
45080000	0	0
45090000	0	15
45100000	0	10
45110000	0	3
45120000	0	7
45130000	0	7
45140000	1	13
45150000	3	17
45160000	0	10
45170000	0	3
45180000	0	17
45190000	0	19
45200000	0	0
45210000	0	1
45220000	0	0
45230000	0	1
45240000	0	8
45250000	0	6
45260000	0	1
45270000	0	5
45280000	1	2
45290000	1	6
45300000	1	6
45310000	0	2
45320000	7	23
45330000	0	22
45340000	0	5
45350000	0	9
45360000	3	27
45370000	0	7
45380000	0	19
45390000	1	0
45400000	0	11
45410000	0	8
45420000	0	6
45430000	1	0
45440000	1	18
45450000	0	0
45460000	0	0
45470000	0	1
45480000	1	8
45490000	0	19
45500000	0	15
45510000	0	6
45520000	1	1
45530000	0	4
45540000	0	7
45550000	0	9
45560000	0	11
45570000	0	4
45580000	1	9
45590000	0	0
45600000	0	1
45610000	1	9
45620000	0	1
45630000	0	0
45640000	0	0
45650000	0	1
45660000	0	0
45670000	0	3
45680000	0	2
45690000	0	0
45700000	0	2
45710000	0	0
45720000	0	4
45730000	0	5
45740000	0	12
45750000	0	4
45760000	0	5
45770000	0	5
45780000	4	4
45790000	2	1
45800000	2	5
45810000	0	2
45820000	0	6
45830000	1	5
45840000	1	0
45850000	0	6
45860000	1	24
45870000	0	14
45880000	3	21
45890000	3	20
45900000	1	17
45910000	0	22
45920000	2	3
45930000	5	16
45940000	1	10
45950000	0	6
45960000	0	7
45970000	0	3
45980000	0	0
45990000	2	2
46000000	0	1
46010000	1	9
46020000	1	5
46030000	1	4
46040000	0	4
46050000	2	5
46060000	0	6
46070000	0	3
46080000	2	6
46090000	1	5
46100000	0	11
46110000	0	3
46120000	0	6
46130000	1	9
46140000	0	2
46150000	0	2
46160000	0	20
46170000	1	3
46180000	0	17
46190000	0	1
46200000	1	3
46210000	0	2
46220000	2	6
46230000	1	5
46240000	0	4
46250000	2	4
46260000	1	15
46270000	0	14
46280000	2	8
46290000	0	18
46300000	0	8
46310000	0	11
46320000	1	14
46330000	0	17
46340000	0	4
46350000	0	15
46360000	0	11
46370000	0	9
46380000	0	0
46390000	0	6
46400000	1	2
46410000	4	25
46420000	0	2
46430000	0	16
46440000	0	10
46450000	0	6
46460000	0	7
46470000	0	4
46480000	1	14
46490000	0	11
46500000	0	6
46510000	0	8
46520000	0	3
46530000	0	1
46540000	0	6
46550000	0	11
46560000	1	8
46570000	1	8
46580000	2	20
46590000	2	12
46600000	0	10
46610000	0	6
46620000	1	9
46630000	0	7
46640000	1	16
46650000	1	21
46660000	0	7
46670000	1	11
46680000	4	12
46690000	0	27
46700000	0	3
46710000	0	10
46720000	1	21
46730000	0	5
46740000	1	14
46750000	0	4
46760000	1	12
46770000	4	11
46780000	0	9
46790000	0	14
46800000	6	63
46810000	3	25
46820000	0	21
46830000	0	30
46840000	0	7
46850000	0	0
46860000	0	13
46870000	1	3
46880000	1	11
46890000	4	10
46900000	1	9
46910000	0	11
46920000	0	15
46930000	6	22
46940000	1	6
46950000	0	5
46960000	2	14
46970000	3	22
46980000	2	6
46990000	0	3
47000000	0	16
47010000	1	16
47020000	1	7
47030000	0	6
47040000	0	2
47050000	4	2
47060000	0	1
47070000	0	1
47080000	0	0
47090000	0	0
47100000	1	1
47110000	2	7
47120000	0	4
47130000	0	7
47140000	1	8
47150000	0	15
47160000	2	11
47170000	0	6
47180000	0	0
47190000	2	3
47200000	0	10
47210000	0	2
47220000	1	6
47230000	1	10
47240000	0	17
47250000	1	8
47260000	1	2
47270000	2	20
47280000	0	11
47290000	0	17
47300000	1	14
47310000	0	24
47320000	0	21
47330000	0	13
47340000	1	21
47350000	1	25
47360000	1	16
47370000	2	18
47380000	0	8
47390000	0	3
47400000	1	2
47410000	0	11
47420000	0	24
47430000	0	24
47440000	3	12
47450000	0	15
47460000	1	7
47470000	1	14
47480000	0	27
47490000	1	22
47500000	3	22
47510000	0	5
47520000	0	9
47530000	2	6
47540000	2	18
47550000	0	12
47560000	1	17
47570000	0	10
47580000	0	7
47590000	0	2
47600000	0	10
47610000	0	6
47620000	1	12
47630000	2	11
47640000	1	24
47650000	2	19
47660000	1	15
47670000	0	9
47680000	0	15
47690000	0	10
47700000	3	28
47710000	4	27
47720000	0	31
47730000	1	12
47740000	0	5
47750000	0	10
47760000	0	7
47770000	2	10
47780000	0	11
47790000	0	18
47800000	1	10
47810000	1	7
47820000	1	13
47830000	0	16
47840000	0	20
47850000	1	15
47860000	0	12
47870000	2	9
47880000	1	7
47890000	0	6
47900000	0	14
47910000	0	10
47920000	0	6
47930000	0	7
47940000	1	18
47950000	1	24
47960000	3	6
47970000	0	2
47980000	0	9
47990000	0	1
48000000	0	0
48010000	0	27
48020000	0	9
48030000	0	2
48040000	2	7
48050000	1	13
48060000	0	4
48070000	1	9
48080000	0	16
48090000	0	11
48100000	1	22
48110000	0	20
48120000	2	9
48130000	2	20
48140000	0	16
48150000	2	22
48160000	0	4
48170000	1	18
48180000	2	19
48190000	2	34
48200000	0	33
48210000	3	40
48220000	1	36
48230000	4	24
48240000	0	11
48250000	0	7
48260000	0	11
48270000	1	17
48280000	2	27
48290000	2	27
48300000	3	34
48310000	5	25
48320000	1	17
48330000	0	18
48340000	0	16
48350000	1	20
48360000	0	11
48370000	0	33
48380000	0	15
48390000	0	15
48400000	3	12
48410000	0	13
48420000	0	6
48430000	0	0
48440000	0	6
48450000	0	12
48460000	0	3
48470000	0	22
48480000	1	6
48490000	1	14
48500000	0	8
48510000	1	18
48520000	0	12
48530000	0	19
48540000	1	8
48550000	0	4
48560000	1	2
48570000	2	14
48580000	0	2
48590000	1	1
48600000	0	5
48610000	0	7
48620000	0	7
48630000	0	5
48640000	0	14
48650000	1	9
48660000	0	8
48670000	0	10
48680000	0	2
48690000	0	7
48700000	0	16
48710000	0	17
48720000	1	11
48730000	0	7
48740000	0	12
48750000	3	12
48760000	1	15
48770000	0	10
48780000	2	10
48790000	1	17
48800000	4	23
48810000	1	10
48820000	0	2
48830000	1	7
48840000	0	7
48850000	0	4
48860000	0	7
48870000	1	5
48880000	0	2
48890000	3	23
48900000	1	11
48910000	3	13
48920000	4	17
48930000	3	21
48940000	4	16
48950000	3	22
48960000	1	17
48970000	1	23
48980000	1	21
48990000	0	11
49000000	1	19
49010000	2	7
49020000	3	30
49030000	2	24
49040000	0	3
49050000	2	20
49060000	3	7
49070000	0	0
49080000	0	4
49090000	0	2
49100000	0	0
49110000	0	3
49120000	0	0
49130000	1	16
49140000	0	6
49150000	0	0
49160000	0	0
49170000	0	1
49180000	1	9
49190000	5	25
49200000	0	18
49210000	0	8
49220000	0	3
49230000	0	23
49240000	0	11
49250000	1	27
49260000	0	19
49270000	0	35
49280000	1	8
49290000	0	11
49300000	1	9
49310000	1	14
49320000	0	0
49330000	2	7
49340000	1	10
49350000	1	27
49360000	0	18
49370000	0	15
49380000	0	12
49390000	0	10
49400000	2	10
49410000	1	30
49420000	0	6
49430000	1	11
49440000	0	14
49450000	0	1
49460000	0	1
49470000	3	20
49480000	1	7
49490000	1	1
49500000	1	8
49510000	0	1
49520000	0	2
49530000	2	10
49540000	5	9
49550000	5	14
49560000	0	7
49570000	2	1
49580000	3	4
49590000	4	15
49600000	1	6
49610000	0	7
49620000	1	7
49630000	2	19
49640000	1	12
49650000	1	21
49660000	2	26
49670000	0	20
49680000	1	9
49690000	0	4
49700000	0	0
49710000	0	11
49720000	0	23
49730000	0	15
49740000	2	13
49750000	1	10
49760000	0	3
49770000	0	5
49780000	0	0
49790000	0	10
49800000	2	19
49810000	1	2
49820000	2	16
49830000	0	2
49840000	0	8
49850000	0	12
49860000	0	18
49870000	0	3
49880000	1	2
49890000	0	3
49900000	0	3
49910000	0	4
49920000	0	4
49930000	0	2
49940000	0	1
49950000	0	2
49960000	2	2
49970000	2	1
49980000	1	5
49990000	0	0
50000000	0	1
