2721303
2814119
4443552
5278140
5278141
5278145
5278151
5281374
5540342
8538455
8608474
8767144
8901298
8901301
8901307
9373898
9436407
9618527
9768788
9990636
10427470
10464325
10556294
10829489
10925588
10925614
11420912
11420917
11420981
11421238
11599790
11602602
11957833
12060548
12086516
12203593
12204172
12204207
12204267
12204604
12204704
12209733
12209868
12209870
12210106
12210366
12210955
12214368
12220091
12220934
12223581
12223583
12224496
12244355
12244942
12245423
12246040
12246041
12246457
12247230
12247493
12247765
12249358
12249376
12250513
12251197
12253282
12253316
12253576
12254939
12254980
12254987
12334074
12334093
12343329
12397405
12397413
12397418
12501961
12581840
12581971
12581978
12582036
12582047
12672176
12672188
12709653
12893195
12893200
12893233
12893504
12893534
12893535
13188701
13189446
13190651
13191934
13191973
13191989
13192011
13192037
13192881
13193818
13254329
13254334
13254335
13254339
13254538
13254566
13254575
13254578
13254598
13254605
13280236
13280239
13280245
13403507
13403510
13403528
13403550
13522609
13523043
13523211
13528022
13555403
13555404
13555412
13563319
13563340
13563344
13563346
13563351
13563367
13563373
13563944
13564635
13564676
13564678
13564686
13564693
13565115
13587073
13587091
13587116
13587197
13587296
13587585
13589188
13589190
13589286
13589437
13589731
13589831
13590157
13590312
13591278
13591570
13591670
13591926
13591965
13592104
13592119
13592178
13592518
13592733
13592871
13592877
13592925
13592967
13593009
13593064
13593292
13593334
13593599
13593645
13593680
13593691
13593695
13593714
13594436
13594783
13594872
13595357
13595519
13595525
13595691
13595873
13595886
13596270
13596348
13596542
13596555
13596559
13596648
13596825
13596886
13596933
13597045
13597116
13597122
13597123
13598131
13598142
13598183
13598479
13598721
13598874
13598929
13599033
13599082
13599087
13599508
13599571
13600184
13600224
13604706
13604965
13605018
13605040
13605057
13607120
13607215
13787885
13790408
13790515
13790522
13790561
13790588
13790613
13790637
13790670
13790712
13791827
13791879
13791904
13793284
13793758
13793846
13794135
13794152
13794388
13794405
13794497
13794713
13794826
13795720
13795801
13796005
13796186
13796227
13797408
13798473
13798709
13800614
13800677
13800691
13800718
13800726
13800735
13801073
13801096
13801176
13807768
13807783
13807791
13809383
13809397
13809403
13809580
13809592
13809721
13809728
13867595
13869003
13869011
13869634
13869735
13869747
13869749
13869831
13869851
13869938
13870229
13870266
13912709
13999235
14016592
14048174
14048180
14048194
14048205
14048329
14048392
14075541
14145575
14145585
14145639
14172496
14172508
14172604
14172756
14172801
14172944
14172957
14173050
14173102
14173144
14173224
14173373
14173389
14173427
14173435
14173443
14173812
14173815
14173856
14174384
14174437
14174515
14174530
14174697
14174759
14175127
14175134
14175411
14175414
14175533
14175823
14175850
14175865
14176217
14176259
14176302
14176305
14176352
14176450
14176460
14176575
14176665
14176776
14176923
14176931
14177290
14177375
14177438
14177450
14177563
14178462
14178465
14178490
14178556
14179641
14179674
14179684
14179848
14179942
14179975
14180253
14180303
14180310
14180324
14180401
14180411
14180582
14180609
14180792
14181201
14181397
14181451
14181489
14181801
14181821
14181832
14181864
14182266
14182421
14182446
14182780
14182788
14182854
14182873
14182995
14183024
14183025
14183272
14183306
14183804
14183836
14183861
14183896
14183919
14183921
14184082
14184250
14184256
14184260
14184306
14184828
14184842
14184945
14185182
14185219
14185231
14185248
14185348
14185355
14185565
14186345
14186382
14186417
14186423
14186440
14186884
14187009
14187012
14187059
14187111
14187119
14187500
14187512
14187711
14187828
14204022
14204135
14204154
14205363
14205395
14205887
14205891
14205899
14205936
14206072
14206173
14206329
14206905
14207149
14207165
14207169
14207230
14207661
14207736
14207767
14207821
14207822
14207851
14207914
14207973
14208151
14208176
14208588
14208616
14208618
14210065
14210085
14210387
14210458
14210473
14210681
14210764
14210821
14210827
14210875
14210881
14210958
14211088
14211101
14211203
14211259
14211353
14211389
14211594
14211893
14212189
14212221
14212245
14212338
14212408
14212566
14212630
14212634
14212658
14212851
14213091
14213143
14213159
14213739
14213740
14213767
14213794
14213860
14213870
14213955
14213976
14213980
14214077
14214145
14214463
14214466
14214484
14214508
14214599
14214613
14214727
14215348
14215411
14215441
14215480
14215498
14215524
14215559
14215598
14215835
14215840
14216002
14216023
14216066
14216297
14216338
14216341
14216622
14217727
14218130
14218214
14218266
14218356
14218439
14218469
14218490
14218658
14218713
14218727
14218742
14218830
14218892
14218954
14219145
14219152
14219157
14219363
14219386
14219667
14219869
14219936
14219946
14220163
14220519
14220594
14220621
14220666
14220672
14220682
14220901
14220923
14221162
14221590
14222988
14222995
14223613
14223671
14223710
14223878
14224028
14224173
14224342
14224434
14224560
14224612
14224700
14224707
14224713
14224715
14224721
14224878
14224894
14224910
14225038
14225041
14225077
14225082
14225083
14225085
14282385
14313877
14314042
14314442
14314535
14314543
14314564
14314565
14314570
14314581
14314582
14314609
14314912
14314936
14314940
14314988
14315097
14315098
14315116
14315137
14339002
14339023
14392113
14392404
14437676
14437692
14437707
14437729
14439735
14456494
14456523
14456525
14456538
14456549
14457017
14457216
14457237
14457246
14457590
14457597
14474799
14474854
14474867
14475916
14476699
14476711
14564345
14586185
14586205
14586210
14586215
14586228
14586258
14586260
14586360
14587081
14587089
14587095
14587099
14587100
14587228
14587229
14587271
14587272
14587801
14611753
14611755
14611777
14611787
14611791
14611810
14611815
14611828
14611961
14611970
14611974
14612530
14612538
14612733
14612750
14814662
14814713
14891700
14979089
14980240
14980326
14980336
14980357
14980373
14980509
15140078
15140388
15140395
15140443
15140447
15140451
15141159
15141163
15141179
15141233
15141265
15141271
15141273
15141298
15142043
15142239
15142268
15142496
15142510
15142511
15142518
15142536
15142865
15142866
15142868
15142997
15143743
15145201
15145204
15145292
15145315
15145352
15145366
15145370
15145476
15172878
15250834
15250838
15251868
15252177
15252534
15252820
15252847
15252950
15253238
15253243
15253297
15253521
15253531
15254720
15255485
15255642
15256127
15257786
15258185
15258196
15258203
15258226
15258274
15258482
15258697
15258761
15258796
15258850
15258860
15258983
15259017
15259818
15259827
15262192
15300787
15300800
15300806
15300966
15301156
15301882
15302023
15305080
15305164
15305431
15305451
15305471
15414140
15414358
15414359
15414588
15414710
15415057
15415059
15415060
15415071
15415072
15415107
15415114
15415116
15415144
15415149
15415151
15415159
15415272
15415303
15415410
15415413
15415414
15415439
15415442
15415443
15415448
15415453
15415581
15415590
15415833
15415845
15466566
15466680
15466695
15466717
15466756
15599514
15629676
15629693
15629729
15629944
15629950
15630059
15649475
15649491
15649609
15649634
15714875
15715031
15715598
15717464
15717482
15717631
15718415
15718428
15718505
15718747
15718798
15719178
15719274
15719357
15719383
15721361
15729382
15896842
16197445
16637236
16764665
17037940
17585932
18310149
18681618
18971758
20277935
20551354
20804828
20846477
20968499
22064111
22083593
