110
117
124
131
152
157
925766
2721303
2814119
3933585
4581189
4628067
5478332
5365963
5524633
5658787
5658790
5658796
5956585
6138705
6288966
6741446
6709979
6983174
7079273
7079299
7163004
7183120
7183285
7183685
7183778
7183786
7183807
7183808
7183813
7183824
7183825
7183852
7184155
7184179
7184183
7184231
7184340
7184341
7184359
7184380
7556924
7557142
7557143
7581830
7581846
7581964
7581989
8109828
8750359
9474576
10622368
10895787
11149261
11190910
11312932
12408544
12220147
12351338
12823737
