110
117
124
131
152
157
925766
3760137
4088032
5186350
5432107
5447000
5488599
5805469
5867453
6026123
6160277
6160280
6160286
6632877
6695386
6877506
7027767
7249615
7609788
7609953
7610353
7610446
7610454
7610475
7610476
7610481
7610492
7610493
7610520
7610823
7610847
7610851
7610899
7611008
7611009
7611027
7611048
7710295
7983297
7983515
7983516
7983745
7983867
7984214
7984216
7984217
7984228
7984229
7984264
7984271
7984273
7984301
7984306
7984308
7984316
7984429
7984460
7984567
7984570
7984571
7984596
7984599
7984600
7984605
7984610
7984738
7984747
7984990
7985002
8071549
8101711
8101728
8101764
8101979
8101985
8102094
8153646
8321106
8708675
9316813
9766319
10056459
11362636
11636055
11889529
11931178
12794078
13193065
