110
117
124
131
152
157
925766
3198114
3213007
3254606
3985212
4143882
4278036
4278039
4278045
4750636
4813145
4752330
5089153
5283359
5379458
5379484
5359509
5359674
5360074
5360167
5360175
5360196
5360197
5360202
5360213
5360214
5360241
5360544
5360568
5360572
5360620
5360729
5360730
5360748
5360769
5361829
5371934
5371954
5371959
5371964
5371977
5372007
5372009
5372109
5372830
5372838
5372844
5372848
5372849
5372977
5372978
5373020
5373021
5373550
5496809
5687597
5605865
5867612
6045445
6346048
8308791
8182657
8304679
8682487
8985109
9425630
