110
117
124
131
152
157
925766
1801974
2047731
2062624
2104223
2267818
2388666
2435544
3285809
3398619
3398654
3398830
3398846
3398854
3399016
3399073
3399218
3399325
3399364
3399369
3399374
3399383
3399398
3399513
3399780
3399785
3399788
3399853
3399869
3399879
3400543
3400574
3400576
3400918
3400935
3401034
3401162
3401222
3401236
3401316
3401331
3402331
3402603
3402624
3402819
3402830
3403556
3406076
3406143
3409108
3409541
3409552
3413119
3413294
3413329
3413334
3413386
3413401
3413690
3413735
3413737
3413740
3413765
3413775
3413795
3413835
3413931
3414075
3414797
3414813
3414842
3415340
3415347
3415365
3415455
3415466
3416461
3416502
3416515
3416523
3416551
3416581
3416736
3416797
3416915
3417276
3417282
3417324
3417421
3417446
3417449
3417574
3417649
3417733
3418843
3418945
3419497
3419605
3419895
3420013
3420055
3420172
3420208
3420301
3420870
3420871
3422580
3422592
3423233
3423234
3423297
3423794
3423834
3424060
3424095
3424101
3424180
3424234
3424249
3424263
3424572
3424840
3424843
3425611
3425623
3426083
3426115
3426127
3426769
3427518
3427601
3428634
3428822
3428848
3428958
3429083
3429140
3429205
3429208
3429423
3429793
3429890
3429892
3430176
3430189
3430193
3430302
3430306
3430456
3430603
3430624
3431246
3431261
3431410
3431558
3431561
3431579
3431617
3432036
3432041
3432243
3433335
3433372
3433434
3433463
3433551
3433556
3433581
3433617
3433662
3433731
3433758
3434886
3434912
3434948
3434977
3435131
3435197
3435272
3435373
3435464
3435552
3435557
3435558
3435642
3436528
3436913
3436978
3437071
3437122
3437212
3437673
3437682
3437728
3437812
3437857
3437864
3437868
3437908
3437923
3437956
3438131
3438231
3439808
3439824
3439839
3439884
3439891
3439895
3439935
3439973
3440084
3440101
3440108
3440147
3440158
3440253
3440258
3440397
3440461
3441513
3441572
3441832
3441910
3441912
3442307
3442493
3442500
3442518
3442677
3444614
3444626
3444774
3444870
3444963
3445027
3445045
3451249
3453486
3453510
3453619
3453727
3454015
3454092
3454535
3454543
3454595
3454631
3454640
3454718
3454727
3454770
3462185
3462852
3462918
3463324
3463368
3463375
3463570
3463613
3464117
3464179
3464255
3464293
3464307
3464399
3464408
3464441
3464483
3464587
3464628
3464761
3464795
3465583
3465649
3465674
3465810
3466919
3467310
3467710
3467764
3467794
3467873
3467974
3468010
3468199
3468329
3468341
3469304
3469315
3469317
3469329
3469348
3469370
3469476
3469486
3469490
3469497
3470378
3470545
3470574
3470685
3471517
3471611
3471616
3471732
3471852
3471865
3472316
3473039
3473062
3473218
3473232
3473291
3473292
3473420
3473519
3473536
3473597
3475194
3475361
3475372
3476837
3476848
3477026
3477090
3477603
3477667
3478688
3478916
3479391
3479398
3479399
3479573
3480483
3480547
3482273
3482357
3483424
3483670
3483692
3483698
3483720
3484095
3484237
3484512
3484513
3484669
3484749
3484798
3485261
3485316
3485385
3485389
3485419
3485447
3485758
3486595
3487893
3488037
3488292
3488715
3488741
3488862
3489313
3489800
3489959
3490247
3490697
3490705
3490879
3490904
3491100
3491134
3491252
3491360
3491384
3491888
3492794
3492804
3492821
3492896
3492911
3493144
3493622
3493682
3495419
3495644
3495694
3495845
3495860
3495905
3495934
3495965
3495966
3495967
3496071
3496100
3497803
3497827
3497972
3497994
3497995
3498068
3498110
3498173
3498217
3498466
3498678
3499585
3499627
3499662
3499690
3499983
3500230
3500261
3500324
3500415
3500439
3500440
3500638
3500655
3500994
3501026
3501207
3501335
3501511
3501585
3501724
3501749
3501751
3501997
3502047
3502192
3503614
3503652
3503793
3503806
3503809
3503848
3503928
3503930
3504091
3504115
3504166
3504232
3504341
3505132
3505133
3505214
3505248
3505283
3505308
3505337
3505375
3505394
3506068
3506110
3506235
3506240
3506253
3506257
3506293
3506340
3506369
3506379
3506403
3506596
3506612
3506645
3506795
3506992
3507039
3507040
3507219
3507221
3507222
3507227
3507337
3507351
3507379
3507538
3507547
3507553
3507562
3507743
3507802
3507818
3507891
3508006
3508177
3508261
3508279
3508283
3508318
3524767
3527063
3527466
3527883
3527923
3528043
3528084
3528273
3528474
3528512
3528713
3528722
3528728
3528741
3528995
3529033
3529039
3529251
3530622
3530655
3530748
3530754
3531001
3531005
3531033
3531187
3531407
3531479
3531790
3531900
3531901
3535635
3537591
3537777
3537823
3537913
3537945
3537985
3539255
3539276
3539284
3539294
3539337
3539345
3539377
3539574
3539778
3541034
3541899
3542622
3542632
3542637
3542657
3543819
3543929
3544457
3544633
3545329
3545429
3545491
3545762
3546194
3546274
3547212
3547270
3547327
3547406
3547419
3547636
3547665
3549298
3549318
3549732
3551402
3551403
3551944
3551992
3553003
3553017
3553052
3553122
3553154
3553255
3553390
3553465
3553483
3553743
3553772
3553812
3553869
3553939
3553984
3554159
3554244
3554492
3554530
3555325
3555525
3556034
3556060
3556061
3556076
3556204
3556298
3558844
3559174
3559383
3559553
3559558
3559943
3560168
3560240
3561092
3561337
3561350
3561480
3561700
3561715
3561722
3561764
3561772
3561775
3561815
3562083
3562224
3562259
3562288
3562315
3562341
3563985
3564229
3564240
3564404
3564511
3564517
3564536
3567660
3568042
3570529
3574394
3574638
3574649
3592115
3723306
3820091
3858402
4417033
4525674
