position	numhm	numht
6287	0	0
63600	0	0
70622	0	0
90364	0	0
100621	0	0
107790	0	0
130049	0	0
130871	0	0
186407	1	0
245107	0	0
247369	0	0
257806	0	0
275213	0	0
301570	4	0
340407	16	17
340936	0	0
343508	1	3
344719	0	2
346243	0	0
354428	3	1
366209	5	0
367887	0	0
379317	6	2
383769	0	0
423186	23	10
428567	1	1
441372	4	3
470948	0	0
541438	1	0
544871	0	0
550247	0	0
638113	11	10
638749	0	0
639488	1	0
655626	5	4
668243	8	0
674375	0	0
689629	26	7
690897	1	0
733721	15	13
769723	10	14
811154	0	0
858732	0	0
867724	0	0
888450	0	1
888873	0	0
914891	0	1
938872	3	0
958607	10	2
967678	0	0
972788	0	0
973788	0	0
1005426	1	0
1050163	1	1
1055264	0	0
1088133	0	1
1101699	0	0
1102574	0	0
1104564	0	0
1108457	0	0
1122064	0	0
1171094	4	0
1190656	2	0
1215444	0	0
1244395	1	7
1247335	0	1
1266868	0	2
1268204	0	0
1288769	0	0
1290391	0	0
1291770	0	0
1292298	0	0
1293514	0	0
1315065	5	7
1315929	0	0
1321029	0	0
1321945	0	0
1326248	0	0
1327658	0	0
1329588	0	0
1363894	0	0
1408136	0	2
1449717	0	4
1491257	0	2
1532811	1	3
1574221	0	0
1615519	2	3
1657284	0	0
1661926	0	0
1663577	0	0
1666990	1	0
1667795	0	0
1677202	0	0
1678087	0	0
1688153	0	0
1690411	0	0
1699270	0	2
1706708	0	0
1707426	0	0
1712749	0	0
1720368	0	0
1720960	0	0
1726684	0	0
1727414	0	0
1731534	0	1
1733313	0	0
1735630	0	0
1737378	0	0
1738034	0	0
1738841	0	0
1741574	0	0
1742235	0	0
1759165	0	0
1762387	0	0
1763556	0	0
1766687	0	0
1767587	0	0
1773010	0	0
1776878	0	0
1777575	0	1
1778126	0	0
1779605	1	0
1781465	0	0
1783010	0	0
1785361	1	0
1786486	0	0
1787433	0	0
1793719	0	0
1799633	0	0
1806031	0	0
1808731	0	0
1809697	0	0
1810510	0	0
1812793	0	0
1816907	0	0
1818131	0	0
1824265	0	0
1825860	0	0
1840963	0	0
1841504	0	0
1842097	0	0
1844414	0	0
1847809	0	0
1849752	0	0
1861042	0	0
1867033	0	0
1868083	0	0
1868746	0	0
1870479	0	0
1875879	0	0
1879008	0	0
1900911	0	0
1901882	0	0
1903918	0	0
1905327	0	0
1907023	0	0
1930069	0	0
1987170	1	4
1987822	0	0
1988657	0	0
1990605	0	0
1996215	0	0
2002904	0	0
2004085	0	0
2006684	0	0
2007238	0	0
2009965	0	0
2011584	0	0
2015551	0	0
2016334	0	1
2021505	0	0
2055594	1	0
2056331	0	0
2071281	0	0
2078865	0	1
2101546	0	2
2106864	0	0
2107568	0	0
2108093	0	0
2112058	0	0
2112683	0	0
2115504	0	0
2137193	0	4
2140031	0	0
2148593	0	0
2150222	0	0
2162736	0	0
2199465	11	6
2230051	13	7
2241559	1	8
2318173	20	33
2382150	46	18
2389180	1	0
2393606	0	0
2398024	0	2
2400830	0	2
2401853	0	1
2416466	0	0
2434323	11	9
2436832	0	1
2438219	0	0
2443590	1	2
2444378	1	0
2453450	9	3
2463772	11	10
2486717	16	9
2502865	10	8
2505775	4	0
2507343	0	0
2561243	47	25
2564118	2	0
2565016	1	0
2565564	0	0
2570254	1	2
2587675	19	11
2599899	10	0
2601257	0	0
2601967	0	2
2617980	10	7
2618690	0	0
2619596	0	0
2630725	9	12
2631616	2	0
2641572	11	9
2647971	2	2
2653663	3	3
2658982	6	3
2663642	4	3
2667384	2	2
2671044	1	3
2674754	4	2
2679761	5	0
2685616	2	2
2734824	17	7
2784143	56	27
2833497	27	17
2882834	42	73
2932146	47	56
2981373	45	22
3027194	13	17
3075978	2	3
3124082	4	2
3171837	51	88
3219248	16	9
3262647	12	2
3294234	45	77
3324688	8	7
3353578	7	5
3382466	16	8
3411338	13	17
3412331	1	0
3418227	7	1
3420616	4	2
3424549	2	4
3434783	13	5
3438161	9	3
3438798	0	0
3441607	1	0
3447881	3	1
3455101	1	0
3461944	0	5
3473723	7	17
3478839	1	1
3484854	4	1
3486897	0	0
3487522	1	0
3488091	0	0
3492592	1	2
3495787	0	0
3496420	0	0
3501061	0	4
3518428	10	6
3519792	0	1
3523151	1	0
3526577	0	3
3529767	0	0
3532986	2	0
3547832	7	3
3548555	0	0
3550064	1	0
3564088	9	2
3565131	0	0
3566015	4	0
3567203	1	0
3569664	0	0
3570607	0	0
3577378	1	0
3581014	4	0
3649332	7	4
3718136	42	5
3743910	13	3
3811397	42	19
3878268	6	7
3920289	18	8
3962085	9	2
4003716	47	8
4070661	42	5
4134811	32	6
4148079	0	0
4148666	0	0
4154093	1	0
4154940	2	0
4156122	0	0
4157169	0	0
4158530	0	0
4159289	0	0
4160118	0	0
4160659	0	0
4182278	14	0
4192864	0	0
4203068	0	0
4205215	0	0
4210567	0	0
4214083	0	0
4216767	0	0
4222157	0	0
4232957	3	2
4235456	0	0
4237244	0	0
4239807	0	0
4243831	0	0
4245339	0	0
4245889	0	0
4251942	0	0
4253152	0	0
4254860	0	0
4262066	0	0
4263508	0	0
4264471	0	0
4265084	0	0
4265611	0	0
4269669	0	0
4289904	0	0
4290648	0	0
4292746	0	0
4299417	0	0
4309097	0	0
4316811	0	0
4322324	0	0
4335752	1	0
4336589	0	0
4337356	0	0
4339574	0	0
4343043	0	0
4347161	0	0
4355124	0	0
4356255	0	0
4371860	10	1
4375676	0	0
4376101	0	0
4378830	4	0
4381218	2	0
4383787	0	0
4388410	3	0
4388959	1	0
4390254	3	0
4395009	0	0
4399599	1	0
4405673	3	0
4408704	1	0
4411464	1	1
4414310	1	1
4416977	2	1
4419913	7	0
4422721	2	0
4426072	3	1
4429254	0	1
4432007	1	0
4434757	4	0
4437473	0	0
4440375	0	0
4443049	0	0
4445713	1	0
4447651	0	0
4448162	0	0
4449292	4	0
4450327	0	0
4455289	2	0
4459522	1	1
4461123	0	0
4463114	2	0
4463679	0	0
4465061	0	0
4489418	10	0
4490229	1	0
4495358	1	0
4506029	3	0
4510212	0	0
4510972	0	0
4513079	0	0
4515411	0	0
4515782	0	0
4517644	8	0
4519780	3	0
4521291	0	0
4549429	20	1
4550076	0	0
4551376	0	0
4566465	11	0
4569274	0	0
4574796	4	1
4583844	3	1
4585572	0	0
4587466	0	0
4588301	0	0
4590039	0	0
4622282	30	3
4623477	0	0
4624759	1	0
4632750	2	0
4636073	4	0
4636796	0	0
4637548	1	2
4638185	1	1
4638846	0	0
4639963	1	0
4642585	3	1
4649435	0	0
4650694	0	0
4662110	0	0
4666000	0	0
4680703	0	0
4681222	0	0
4682788	0	0
4686606	0	0
4690110	0	0
4704796	0	0
4705360	0	0
4706491	0	0
4707072	0	0
4717763	0	0
4720146	0	0
4721964	1	0
4722978	0	0
4724059	0	0
4743817	1	0
4744487	0	0
4745413	0	0
4746538	0	0
4747468	0	0
4748074	0	0
4749476	0	0
4753766	0	0
4756884	0	0
4758226	0	0
4762008	0	0
4762803	0	0
4764643	0	0
4765940	1	0
4766850	0	0
4767541	0	0
4768100	0	0
4768735	0	0
4771030	0	0
4773972	0	0
4779724	0	0
4781051	0	0
4786053	0	0
4788638	0	0
4789580	0	0
4790690	0	0
4801796	0	0
4804789	0	0
4808862	0	0
4811952	0	0
4812958	0	0
4813824	0	0
4814600	0	0
4819499	0	0
4822444	0	0
4823646	0	0
4825848	0	0
4827151	0	0
4828390	0	0
4835191	0	0
4837890	0	0
4838422	0	0
4842403	0	0
4846588	0	0
4847152	0	0
4847759	0	0
4849166	0	0
4850263	0	2
4882001	26	2
4882795	0	0
4883914	0	0
4884553	3	0
4885391	1	0
4887056	2	0
4888159	2	0
4896415	2	0
4916715	20	0
4917266	0	0
4918812	2	0
4919723	0	0
4921254	1	3
4930165	2	0
4935598	2	0
4936974	1	0
4938464	0	0
4939138	0	0
4941098	1	0
4942537	3	0
4949356	3	0
4950292	1	0
4951421	2	0
4952220	1	0
4952925	0	0
4953500	0	0
4957563	3	0
4960686	7	0
4963706	7	0
4966883	3	1
4970158	2	0
4973124	2	0
4973628	0	0
4977226	0	0
4979086	3	0
4983160	4	0
4983926	0	0
4984508	0	0
4985691	1	0
4987046	3	1
4988327	0	0
4989398	0	0
4990606	0	0
4993749	0	0
4994729	0	0
4996336	8	0
4997597	0	0
4999264	0	0
5000849	1	0
5001684	0	0
5003127	0	0
5004157	1	0
5005866	0	0
5006759	1	0
5014825	6	0
5015976	0	4
5016841	1	0
5021782	0	0
5022468	1	0
5028226	2	0
5028968	0	0
5031396	1	0
5034071	1	0
5035578	2	0
5037054	0	0
5038424	6	0
5039261	0	0
5040102	2	0
5041006	3	0
5041596	0	0
5042227	0	0
5043452	2	0
5044756	0	0
5045672	0	0
5048304	1	0
5050719	1	0
5051273	0	0
5051838	0	0
5052368	1	0
5059898	5	0
5060595	3	0
5064860	9	0
5066477	1	0
5071325	3	0
5072315	0	0
5078019	6	0
5079801	1	0
5084222	7	0
5085608	0	0
5090439	7	0
5103935	10	0
5108166	3	1
5108772	0	0
5109507	1	0
5113634	3	0
5126972	14	0
5131327	10	3
5134710	10	0
5135808	0	0
5136492	1	0
5137504	0	0
5152139	18	7
5167067	26	0
5181640	8	2
5196210	3	0
5209084	5	0
5219299	2	0
5230863	8	1
5233011	1	0
5238981	12	0
5263995	24	0
5267374	0	0
5272576	2	0
5273512	0	0
5275020	3	0
5275774	0	0
5277597	3	0
5278321	0	0
5279183	2	0
5279865	0	0
5280824	0	0
5281819	0	0
5282428	0	0
5283095	1	0
5284430	0	0
5285324	0	0
5286128	0	0
5287783	1	0
5290891	6	0
5291542	2	0
5292418	1	0
5292944	0	0
5294546	1	0
5295688	0	0
5297867	1	0
5302079	6	0
5306449	6	1
5311202	1	0
5315941	6	3
5320596	18	0
5325069	4	0
5329458	2	0
5333948	7	0
5338237	8	1
5342483	9	0
5346592	3	0
5351206	6	0
5355654	5	0
5360038	0	0
5364574	12	0
5368712	8	0
5389454	9	0
5417709	20	5
5419239	0	0
5420903	0	0
5421433	0	0
5422908	1	0
5424010	0	0
5424791	0	0
5425621	0	0
5427104	0	0
5428815	3	0
5431031	0	0
5431753	0	0
5432784	0	0
5433318	1	0
5435626	4	0
5436433	3	0
5468306	26	0
5468901	0	0
5486128	11	0
5487986	0	0
5488597	0	0
5489892	0	0
5491351	0	0
5509384	23	1
5510199	0	0
5510816	1	0
5544178	47	4
5548585	4	1
5549550	1	0
5552520	1	2
5556247	1	0
5559933	5	0
5564096	5	0
5576662	6	0
5577463	0	0
5578171	0	0
5578703	0	0
5580324	2	0
5583725	2	0
5587123	0	0
5590926	1	0
5591439	0	0
5593949	0	1
5599193	0	0
5599822	0	0
5602374	0	0
5609126	2	0
5611278	0	0
5623672	7	0
5624870	0	0
5628241	1	0
5633703	0	0
5656611	7	0
5658749	1	0
5659260	0	0
5664772	0	0
5665649	0	0
5667789	1	0
5671537	1	0
5679159	3	0
5680236	0	0
5681002	0	0
5688691	3	0
5689569	2	0
5691055	1	0
5695797	1	0
5697443	0	0
5699968	1	0
5703542	0	0
5704089	1	0
5704673	0	0
5708472	4	1
5709840	0	0
5711548	2	0
5712143	0	0
5713157	2	0
5713833	0	0
5721449	12	0
5725249	1	0
5732690	8	0
5734882	1	1
5742464	5	0
5754207	8	0
5782099	38	2
5783087	0	0
5785498	0	0
5806136	23	0
5822084	2	0
5870004	38	1
5873602	2	0
5880207	2	0
5893977	19	0
5924080	11	2
5925093	0	0
5934643	3	2
5937155	3	0
5937698	0	0
5940915	3	0
5942018	0	0
5946678	2	0
5947309	1	0
5968881	26	1
5978193	11	0
5983068	6	0
5983727	1	0
6006174	6	0
6035573	29	1
6036498	2	0
6044984	14	0
6050630	7	0
6051361	2	0
6052685	1	0
6066102	15	0
6067104	3	0
6092402	42	11
6095015	6	1
6095999	3	0
6097969	6	0
6099021	4	0
6099673	3	1
6100390	0	2
6128695	19	2
6139445	12	0
6142939	7	0
6169096	25	0
6199667	11	9
6200187	0	0
6201626	0	0
6208625	3	0
6224496	6	0
6228242	1	0
6235499	6	0
6236197	0	0
6238011	0	0
6239696	4	0
6240205	0	0
6261568	16	0
6285136	4	0
6308858	7	0
6309445	0	0
6310069	0	0
6331729	23	0
6362603	10	0
6372137	2	0
6374148	0	0
6375107	0	0
6377031	3	0
6377545	0	0
6378505	0	0
6386165	3	0
6389436	0	0
6390570	3	0
6403920	7	0
6412480	5	0
6412968	0	0
6414551	1	0
6415390	0	0
6416860	0	0
6432886	11	0
6443148	1	0
6452704	2	0
6462698	2	1
6473078	5	0
6473637	0	0
6474556	0	0
6477908	3	0
6480487	3	0
6489781	1	0
6518155	28	5
6527852	2	0
6528913	0	0
6529452	0	0
6537165	1	1
6558811	19	1
6562970	1	0
6567315	2	0
6606006	36	2
6609723	2	0
6616770	5	1
6619070	0	0
6628564	6	0
6632706	2	0
6634216	0	6
6647263	5	0
6672223	15	7
6690497	4	0
6699485	0	0
6725742	1	0
6726431	0	0
6785304	23	1
6811778	36	0
6821333	18	0
6856842	21	1
6869682	6	0
6871612	3	0
6891690	20	1
6945460	16	0
6946972	0	0
6950314	1	0
6952987	8	0
6954516	2	0
6967020	9	0
6967558	0	0
6968312	1	0
6970608	3	0
6971118	1	0
6972268	0	0
6972838	1	0
6973405	0	0
7014760	18	0
7028590	2	0
7029302	0	0
7055709	8	0
7063181	5	0
7081171	8	0
7081946	0	0
7086062	1	0
7088878	0	0
7091164	0	0
7093153	0	0
7094189	0	0
7107900	2	0
7198600	64	2
7215094	12	2
7252916	10	2
7256375	0	0
7301896	11	3
7305299	1	0
7306764	0	0
7315490	1	0
7318308	0	0
7333181	7	0
7340534	2	0
7349603	7	1
7359280	5	0
7398225	24	1
7433699	51	7
7434700	0	0
7459814	54	2
7461373	2	0
7462036	0	0
7499683	29	23
7501047	0	0
7514984	1	1
7518731	1	0
7519509	0	0
7520449	0	0
7521656	1	0
7525968	2	0
7526777	1	0
7527441	1	0
7527947	0	0
7550573	10	2
7586347	10	3
7626097	13	2
7630917	0	0
7687438	13	0
7741177	29	1
7749974	0	0
7751494	1	0
7770847	14	1
7790866	2	1
7824964	17	0
7895265	38	0
7900447	2	0
7911607	4	0
7934906	10	2
7995002	25	1
8041686	11	1
8089385	24	4
8107010	12	1
8110097	2	1
8110925	0	1
8214896	48	27
8215802	0	0
8247326	15	3
8275458	8	1
8277770	0	0
8278504	0	0
8279708	0	0
8283926	2	0
8284498	0	0
8297697	3	1
8298261	0	0
8336101	16	1
8352346	19	3
8381637	27	9
8385487	6	1
8389284	0	0
8391118	0	0
8413640	7	3
8478775	11	6
8497502	19	4
8498181	0	0
8498799	0	0
8768819	171	45
8790127	20	2
8806659	1	0
8883338	53	11
8911148	18	17
8932362	20	8
8936387	2	0
8967618	10	1
9037276	6	8
9037914	0	0
9038417	0	0
9039014	0	0
9042565	0	0
9043817	0	0
9044515	0	0
9045102	0	0
9054992	5	0
9063595	1	1
9065674	1	0
9068843	2	0
9079696	3	1
9081506	1	0
9103114	4	2
9111523	6	1
9153888	7	5
9170282	5	1
9232568	28	9
9291118	6	4
9387606	42	18
9389745	0	0
9401544	6	1
9402610	0	0
9403579	2	0
9436468	10	8
9503985	35	12
9513137	2	0
9515542	2	1
9530046	6	3
9606110	38	26
9608250	1	0
9633203	11	0
9634801	1	0
9635916	0	0
9638566	0	0
9663794	13	5
9733573	15	11
9783504	9	2
9788155	0	1
9789700	0	0
9791035	0	0
9794192	0	0
9794901	0	0
9803550	3	2
9807466	0	0
9811342	0	0
9816489	0	2
9818090	0	0
9820613	0	0
9821964	0	0
9824127	0	0
9835739	0	0
9836508	0	0
9838824	0	0
9840541	0	0
9841097	0	0
9842817	0	0
9844442	0	0
9845250	0	0
9848784	0	0
9868857	14	1
10000000	56	37
