position	numhm	numht
50000	7	9
100000	1	4
150000	2	7
200000	10	13
250000	8	6
300000	0	0
350000	0	0
400000	0	0
450000	0	0
500000	0	0
550000	1	0
600000	1	1
650000	0	0
700000	23	17
750000	16	9
800000	27	13
850000	1	0
900000	1	0
950000	6	5
1000000	4	2
1050000	16	7
1100000	41	20
1150000	10	14
1200000	0	0
1250000	0	0
1300000	0	2
1350000	13	2
1400000	1	2
1450000	1	1
1500000	2	1
1550000	4	0
1600000	2	0
1650000	0	2
1700000	1	13
1750000	5	7
1800000	0	0
1850000	0	2
1900000	0	1
1950000	1	5
2000000	0	1
2050000	0	2
2100000	15	38
2150000	0	0
2200000	3	8
2250000	1	3
2300000	1	0
2350000	0	8
2400000	0	1
2450000	2	0
2500000	0	0
2550000	0	0
2600000	1	2
2650000	0	4
2700000	1	0
2750000	0	3
2800000	0	4
2850000	8	4
2900000	17	10
2950000	11	13
3000000	16	21
3050000	10	18
3100000	24	14
3150000	41	12
3200000	3	4
3250000	2	5
3300000	11	17
3350000	34	20
3400000	33	23
3450000	40	24
3500000	25	15
3550000	30	17
3600000	25	24
3650000	32	22
3700000	14	13
3750000	13	4
3800000	40	12
3850000	17	29
3900000	16	11
3950000	28	13
4000000	25	74
4050000	11	35
4100000	16	48
4150000	36	39
4200000	30	38
4250000	40	23
4300000	3	5
4350000	13	30
4400000	10	12
4450000	1	1
4500000	3	1
4550000	6	3
4600000	61	94
4650000	14	6
4700000	11	4
4750000	33	14
4800000	33	89
4850000	13	11
4900000	22	14
4950000	27	18
5000000	28	14
5050000	15	28
5100000	19	29
5150000	24	8
5200000	15	3
5250000	4	1
5300000	39	8
5350000	15	3
5400000	37	7
5450000	19	19
5500000	0	6
5550000	2	5
5600000	17	6
5650000	25	3
5700000	34	6
5750000	29	7
5800000	18	3
5850000	29	4
5900000	5	1
5950000	19	2
6000000	4	3
6050000	3	2
6100000	0	0
6150000	1	0
6200000	23	1
6250000	27	5
6300000	21	1
6350000	28	1
6400000	24	2
6450000	40	6
6500000	3	1
6550000	2	0
6600000	2	0
6650000	0	0
6700000	0	2
6750000	36	2
6800000	35	3
6850000	47	2
6900000	31	4
6950000	47	1
7000000	56	12
7050000	46	2
7100000	38	1
7150000	27	0
7200000	62	4
7250000	57	1
7300000	28	5
7350000	44	0
7400000	44	1
7450000	50	7
7500000	15	1
7550000	13	0
7600000	30	1
7650000	57	3
7700000	28	0
7750000	41	1
7800000	32	2
7850000	39	3
7900000	38	0
7950000	59	1
8000000	40	0
8050000	55	22
8100000	37	1
8150000	24	9
8200000	31	0
8250000	20	0
8300000	38	0
8350000	13	0
8400000	25	0
8450000	18	1
8500000	32	6
8550000	30	1
8600000	41	9
8650000	23	7
8700000	3	0
8750000	16	1
8800000	75	0
8850000	32	1
8900000	13	1
8950000	42	0
9000000	12	0
9050000	16	0
9100000	10	0
9150000	33	0
9200000	44	4
9250000	10	2
9300000	13	3
9350000	16	0
9400000	26	1
9450000	67	8
9500000	74	10
9550000	20	22
9600000	21	5
9650000	11	4
9700000	14	1
9750000	14	0
9800000	27	2
9850000	12	1
9900000	29	0
9950000	28	0
10000000	23	2
10050000	14	1
10100000	15	2
10150000	31	3
10200000	24	20
10250000	18	10
10300000	29	3
10350000	12	1
10400000	24	4
10450000	47	12
10500000	8	6
10550000	6	3
10600000	27	5
10650000	75	11
10700000	21	7
10750000	23	11
10800000	22	3
10850000	23	11
10900000	25	4
10950000	32	7
11000000	38	21
11050000	33	10
11100000	0	0
11150000	6	12
11200000	10	3
11250000	16	4
11300000	7	5
11350000	13	2
11400000	10	1
11450000	19	13
11500000	0	0
11550000	9	2
11600000	25	16
11650000	26	9
11700000	25	7
11750000	16	8
11800000	32	25
11850000	10	5
11900000	19	2
11950000	13	6
12000000	11	9
12050000	10	3
12100000	1	3
12150000	49	27
12200000	2	5
12250000	0	0
12300000	17	10
12350000	16	8
12400000	17	4
12450000	12	6
12500000	22	11
12550000	7	6
12600000	7	4
12650000	6	4
12700000	1	2
12750000	3	4
12800000	3	1
12850000	6	4
12900000	6	7
12950000	24	15
13000000	14	13
13050000	3	9
13100000	7	10
13150000	3	5
13200000	9	9
13250000	6	3
13300000	1	2
13350000	0	0
13400000	1	0
13450000	0	0
13500000	0	0
13550000	1	1
13600000	0	0
13650000	0	0
13700000	0	0
13750000	0	0
13800000	0	0
13850000	0	0
13900000	18	21
13950000	2	2
14000000	13	17
14050000	1	0
14100000	0	0
14150000	0	1
14200000	0	2
14250000	0	0
14300000	0	0
14350000	0	1
14400000	1	0
14450000	0	0
14500000	0	0
14550000	1	1
14600000	0	0
14650000	1	1
14700000	0	0
14750000	4	2
14800000	9	5
14850000	4	7
14900000	4	5
14950000	5	6
15000000	10	8
15050000	6	10
15100000	8	13
15150000	2	4
15200000	8	9
15250000	3	3
15300000	8	11
15350000	4	4
15400000	4	4
15450000	5	5
15500000	0	0
15550000	0	0
15600000	0	2
15650000	0	1
15700000	0	0
15750000	0	0
15800000	0	0
15850000	1	0
15900000	0	0
15950000	0	1
16000000	1	3
16050000	5	7
16100000	9	10
16150000	1	0
16200000	0	0
16250000	22	23
16300000	12	14
16350000	3	13
16400000	11	20
16450000	9	21
16500000	1	0
16550000	9	7
16600000	11	23
16650000	2	13
16700000	7	11
16750000	5	11
16800000	1	2
16850000	1	10
16900000	1	7
16950000	11	12
17000000	2	1
17050000	5	10
17100000	18	11
17150000	9	20
17200000	2	3
17250000	8	14
17300000	13	18
17350000	5	13
17400000	7	2
17450000	2	13
17500000	0	0
17550000	6	4
17600000	11	11
17650000	18	26
17700000	5	3
17750000	0	0
17800000	0	0
17850000	1	0
17900000	3	3
17950000	2	9
18000000	1	6
18050000	4	6
18100000	5	34
18150000	3	7
18200000	14	24
18250000	4	1
18300000	6	13
18350000	3	7
18400000	3	6
18450000	3	20
18500000	4	12
18550000	11	19
18600000	4	5
