position	numhm	numht
500000	12	18
1000000	4	29
1500000	75	40
2000000	16	18
2500000	88	69
3000000	143	120
3500000	124	215
4000000	3	12
4500000	0	6
5000000	86	40
5500000	1	14
6000000	0	3
6500000	1	12
7000000	0	7
7500000	1	9
8000000	0	4
8500000	0	15
9000000	0	7
9500000	1	0
10000000	0	32
10500000	1	41
11000000	8	31
11500000	38	63
12000000	7	26
12500000	4	12
13000000	1	17
13500000	1	52
14000000	4	34
14500000	1	19
15000000	4	27
15500000	3	17
16000000	6	41
16500000	2	58
17000000	6	61
17500000	2	47
18000000	0	0
18500000	0	94
19000000	14	287
19500000	4	17
20000000	11	19
20500000	15	100
21000000	2	89
21500000	3	39
22000000	2	22
22500000	5	36
23000000	4	54
23500000	3	41
24000000	8	25
24500000	0	15
25000000	30	34
25500000	108	82
26000000	30	31
26500000	19	28
27000000	55	31
27500000	53	35
28000000	6	41
28500000	5	22
29000000	3	26
29500000	12	41
30000000	7	25
30500000	4	4
31000000	7	14
31500000	4	59
32000000	8	13
32500000	0	1
33000000	0	11
33500000	0	6
34000000	0	57
34500000	0	23
35000000	1	2
35500000	8	21
36000000	8	7
36500000	14	26
37000000	41	32
37500000	8	12
38000000	0	10
38500000	2	5
39000000	0	25
39500000	6	14
40000000	12	19
40500000	10	53
41000000	2	14
41500000	2	20
42000000	0	11
42500000	0	3
43000000	1	4
43500000	2	37
44000000	7	32
44500000	2	14
45000000	0	19
45500000	2	24
46000000	0	29
46500000	0	2
47000000	0	8
47500000	2	31
48000000	4	36
48500000	52	77
49000000	5	10
49500000	5	25
50000000	11	20
50500000	7	45
51000000	2	4
51500000	0	11
52000000	0	34
52500000	0	12
53000000	2	19
53500000	2	5
54000000	5	43
54500000	2	29
55000000	5	46
55500000	13	29
56000000	1	38
56500000	0	63
57000000	8	167
57500000	1	20
58000000	0	39
58500000	0	38
59000000	12	319
59500000	10	68
60000000	15	172
60500000	0	17
61000000	0	27
61500000	1	85
62000000	0	14
62500000	0	12
63000000	0	25
63500000	3	51
64000000	1	56
64500000	0	27
65000000	0	23
65500000	13	198
66000000	22	34
66500000	3	30
67000000	38	23
67500000	14	50
68000000	78	70
68500000	21	25
69000000	4	11
69500000	4	44
70000000	4	14
70500000	97	66
71000000	58	53
71500000	1	2
72000000	4	13
72500000	12	27
73000000	11	17
73500000	6	12
74000000	0	9
74500000	1	20
75000000	2	12
75500000	0	25
76000000	1	39
76500000	10	8
77000000	1	8
77500000	0	15
78000000	0	10
78500000	18	33
79000000	10	17
79500000	1	8
80000000	7	15
80500000	7	22
81000000	6	7
81500000	16	25
82000000	0	18
82500000	7	18
83000000	3	8
83500000	33	55
84000000	3	6
84500000	1	10
85000000	5	4
85500000	4	7
86000000	3	22
86500000	0	6
87000000	0	5
87500000	0	6
88000000	0	12
88500000	0	7
89000000	6	49
89500000	0	3
90000000	0	10
90500000	1	14
91000000	0	60
91500000	0	3
92000000	4	17
92500000	15	54
93000000	7	14
93500000	11	18
94000000	1	18
94500000	25	11
95000000	3	20
95500000	1	75
96000000	2	77
96500000	0	22
97000000	12	13
97500000	33	28
98000000	7	28
98500000	10	46
99000000	39	52
99500000	10	37
100000000	3	16
100500000	3	38
101000000	4	60
101500000	2	61
102000000	1	20
102500000	2	151
103000000	5	68
103500000	2	6
104000000	6	12
104500000	6	86
105000000	4	38
105500000	7	39
106000000	5	75
106500000	11	18
107000000	8	38
107500000	0	5
108000000	4	24
108500000	0	22
109000000	2	4
109500000	1	53
110000000	1	21
110500000	2	1
111000000	0	32
111500000	4	3
112000000	1	1
112500000	1	2
113000000	0	4
113500000	3	21
114000000	1	40
114500000	2	5
115000000	2	10
115500000	3	20
116000000	19	21
116500000	8	110
117000000	0	7
117500000	0	5
118000000	1	12
118500000	0	37
119000000	3	10
119500000	5	18
120000000	5	52
120500000	20	101
121000000	5	41
121500000	3	67
122000000	34	72
122500000	7	97
123000000	126	245
123500000	40	143
124000000	8	68
124500000	17	135
125000000	6	43
125500000	9	23
126000000	19	43
126500000	49	99
127000000	9	111
127500000	6	98
128000000	5	31
128500000	5	30
129000000	5	53
129500000	5	53
130000000	5	125
130500000	9	29
131000000	7	52
131500000	15	44
132000000	13	105
132500000	8	72
133000000	8	21
133500000	14	37
134000000	5	25
134500000	54	27
135000000	37	26
135500000	56	136
136000000	17	17
136500000	7	18
137000000	23	68
137500000	105	327
138000000	17	23
138500000	44	27
139000000	18	23
139500000	17	29
140000000	24	11
140500000	14	29
141000000	12	12
141500000	1	5
142000000	1	0
142500000	10	11
143000000	7	4
143500000	2	5
144000000	10	2
144500000	4	8
145000000	0	4
145500000	11	6
146000000	4	9
146500000	10	16
147000000	17	20
147500000	22	38
148000000	9	26
148500000	7	18
149000000	22	25
149500000	49	21
150000000	13	24
150500000	10	5
151000000	24	14
151500000	12	4
152000000	19	51
152500000	3	18
153000000	7	5
153500000	38	11
154000000	12	9
154500000	8	2
155000000	20	3
155500000	5	100
156000000	1	18
156500000	2	11
157000000	12	8
157500000	1	30
158000000	5	15
158500000	22	39
159000000	10	19
159500000	4	31
160000000	5	157
160500000	5	16
161000000	0	54
161500000	2	15
162000000	0	16
162500000	0	17
163000000	1	29
163500000	3	29
164000000	0	23
164500000	0	214
165000000	0	47
165500000	0	60
166000000	0	39
166500000	0	32
167000000	0	70
167500000	7	175
168000000	2	47
168500000	0	25
169000000	0	16
169500000	0	83
170000000	1	17
170500000	1	41
171000000	1	10
171500000	0	16
172000000	0	7
172500000	1	28
173000000	0	17
173500000	3	13
174000000	2	62
174500000	0	13
175000000	1	12
175500000	1	15
176000000	0	34
176500000	4	79
177000000	0	8
177500000	1	18
178000000	1	2
178500000	0	9
179000000	0	129
179500000	1	22
180000000	6	26
180500000	0	10
181000000	1	17
181500000	1	24
182000000	0	38
182500000	5	8
183000000	15	48
183500000	2	8
184000000	2	2
184500000	2	6
185000000	1	40
185500000	16	234
186000000	5	11
186500000	3	30
187000000	20	15
187500000	13	36
188000000	0	10
188500000	0	14
189000000	0	1
189500000	0	15
190000000	0	8
190500000	1	9
191000000	2	12
191500000	1	28
192000000	1	4
192500000	5	27
193000000	13	20
193500000	108	66
194000000	47	85
194500000	2	50
195000000	4	18
195500000	5	59
196000000	50	26
196500000	49	62
197000000	5	52
197500000	4	101
198000000	0	20
198500000	0	3
199000000	0	11
199500000	0	85
200000000	0	43
200500000	0	53
201000000	0	19
201500000	0	0
202000000	8	213
202500000	0	114
203000000	0	22
203500000	1	65
204000000	2	47
204500000	0	75
205000000	0	42
205500000	0	41
206000000	0	22
206500000	0	27
207000000	0	64
207500000	0	28
208000000	0	31
208500000	26	67
209000000	0	184
209500000	0	9
210000000	11	17
210500000	0	47
211000000	2	8
211500000	4	30
212000000	13	15
212500000	12	20
213000000	1	8
213500000	1	8
214000000	3	15
214500000	1	2
215000000	1	27
215500000	0	10
216000000	0	5
216500000	0	33
217000000	1	7
217500000	1	27
218000000	1	35
218500000	1	5
219000000	30	26
219500000	32	46
220000000	8	45
220500000	18	36
221000000	39	51
221500000	14	26
222000000	33	52
222500000	21	22
223000000	0	16
223500000	0	0
224000000	1	29
224500000	0	5
225000000	1	67
225500000	0	37
226000000	0	9
226500000	1	18
227000000	2	46
227500000	0	78
228000000	0	22
228500000	1	10
229000000	0	38
229500000	1	5
230000000	3	61
230500000	5	64
231000000	0	54
231500000	4	113
232000000	2	31
232500000	0	49
233000000	0	49
233500000	1	26
234000000	1	47
234500000	0	13
235000000	0	26
235500000	0	38
236000000	4	61
236500000	3	58
237000000	9	53
237500000	15	32
238000000	23	28
238500000	5	16
239000000	79	49
239500000	7	25
240000000	4	20
240500000	60	32
241000000	29	44
241500000	51	45
242000000	13	37
242500000	79	42
243000000	27	11
243500000	56	78
244000000	4	7
244500000	1	23
245000000	5	38
245500000	9	64
246000000	2	16
246500000	0	6
247000000	1	6
247500000	10	28
248000000	1	61
248500000	0	10
249000000	0	7
249500000	13	10
250000000	3	16
250500000	32	73
251000000	64	194
251500000	0	31
252000000	0	78
252500000	0	54
253000000	1	22
253500000	25	25
254000000	17	53
254500000	2	68
255000000	0	87
255500000	1	59
256000000	1	45
256500000	20	70
257000000	1	105
257500000	8	130
258000000	64	89
258500000	3	24
259000000	2	51
259500000	1	68
260000000	4	102
260500000	5	71
261000000	28	200
261500000	7	83
262000000	10	51
262500000	48	76
263000000	103	124
263500000	5	44
264000000	1	13
264500000	1	73
265000000	4	64
265500000	2	72
266000000	0	36
266500000	1	52
267000000	6	125
267500000	22	23
268000000	10	25
268500000	26	28
269000000	4	23
269500000	4	12
270000000	0	27
270500000	0	12
271000000	2	6
271500000	0	4
272000000	1	8
272500000	0	6
273000000	1	32
273500000	1	23
274000000	0	2
274500000	3	20
275000000	10	21
275500000	8	9
276000000	5	10
276500000	1	86
277000000	2	41
277500000	2	42
278000000	0	32
278500000	0	12
279000000	3	128
279500000	0	0
280000000	2	70
280500000	1	22
281000000	0	26
281500000	2	22
282000000	2	56
282500000	0	47
283000000	0	30
283500000	0	35
284000000	2	60
284500000	0	7
285000000	1	49
285500000	2	64
286000000	8	21
286500000	100	52
287000000	93	50
287500000	1	73
288000000	0	32
288500000	19	83
289000000	15	25
289500000	2	13
290000000	4	11
290500000	1	174
291000000	0	19
291500000	1	35
292000000	0	13
292500000	0	13
293000000	0	1
293500000	2	55
294000000	3	61
294500000	0	11
295000000	0	9
295500000	0	4
296000000	6	28
296500000	3	18
297000000	0	28
297500000	2	10
298000000	0	3
298500000	0	19
299000000	8	10
299500000	1	15
300000000	1	20
300500000	1	34
301000000	2	17
301500000	2	32
302000000	4	42
302500000	43	39
303000000	7	19
303500000	1	131
304000000	2	77
304500000	5	24
305000000	28	149
305500000	2	138
306000000	7	54
306500000	2	59
307000000	1	53
307500000	0	64
308000000	6	165
308500000	9	160
309000000	1	84
309500000	5	80
310000000	1	25
310500000	8	174
311000000	32	31
311500000	23	44
312000000	6	39
312500000	11	21
313000000	6	88
313500000	6	79
314000000	4	36
314500000	1	54
315000000	1	18
315500000	1	15
316000000	5	37
316500000	0	54
317000000	4	6
317500000	23	45
318000000	6	5
318500000	9	8
319000000	1	15
319500000	5	16
320000000	1	8
320500000	1	8
321000000	5	22
321500000	6	32
322000000	21	25
322500000	8	20
323000000	9	8
323500000	2	30
324000000	6	25
324500000	3	21
325000000	2	12
325500000	10	77
326000000	1	22
326500000	5	61
327000000	5	55
327500000	9	38
328000000	9	8
328500000	8	24
329000000	0	139
329500000	1	9
330000000	0	41
330500000	16	34
331000000	178	159
331500000	45	30
332000000	4	62
332500000	0	31
333000000	0	48
333500000	2	17
334000000	2	29
334500000	5	47
335000000	9	11
335500000	8	47
336000000	22	119
336500000	0	0
337000000	0	0
337500000	0	0
338000000	0	0
338500000	19	329
339000000	8	40
339500000	3	71
340000000	10	37
340500000	3	58
341000000	0	33
341500000	5	32
342000000	4	114
342500000	12	17
343000000	5	49
343500000	12	18
344000000	50	43
344500000	12	40
345000000	1	38
345500000	0	16
346000000	1	10
346500000	35	28
347000000	7	39
347500000	2	24
348000000	2	97
348500000	16	43
349000000	29	28
349500000	17	21
350000000	45	120
350500000	55	50
351000000	25	24
351500000	1	29
352000000	4	144
352500000	54	145
353000000	4	31
353500000	96	327
354000000	128	259
354500000	70	203
355000000	74	69
355500000	1	20
356000000	1	5
356500000	1	31
357000000	2	70
357500000	5	22
358000000	11	69
358500000	3	31
359000000	37	41
359500000	87	86
360000000	13	26
360500000	7	66
361000000	30	54
361500000	22	141
362000000	98	146
362500000	50	35
363000000	9	41
363500000	12	108
364000000	4	81
364500000	13	38
365000000	6	49
365500000	2	36
366000000	0	19
366500000	4	54
367000000	9	161
367500000	6	173
368000000	0	11
368500000	6	29
369000000	4	58
369500000	0	24
370000000	3	38
370500000	5	38
371000000	7	45
371500000	1	96
372000000	2	81
372500000	0	57
373000000	1	18
373500000	0	37
374000000	1	70
374500000	3	13
375000000	2	5
375500000	2	76
376000000	1	34
376500000	2	18
377000000	3	14
377500000	3	29
378000000	0	19
378500000	2	23
379000000	45	39
379500000	4	11
380000000	1	37
380500000	16	10
381000000	7	54
381500000	9	14
382000000	7	19
382500000	140	65
383000000	1	2
