position	numhm	numht
100000	1	1
200000	1	1
300000	1	5
400000	4	2
500000	5	9
600000	4	2
700000	0	0
800000	0	0
900000	0	8
1000000	0	19
1100000	18	9
1200000	2	2
1300000	0	7
1400000	25	14
1500000	30	8
1600000	10	9
1700000	2	3
1800000	2	5
1900000	1	1
2000000	1	0
2100000	4	3
2200000	18	10
2300000	26	16
2400000	29	36
2500000	11	4
2600000	48	68
2700000	14	10
2800000	48	23
2900000	18	7
3000000	15	12
3100000	26	13
3200000	31	33
3300000	49	59
3400000	17	14
3500000	1	96
3600000	0	1
3700000	1	0
3800000	2	8
3900000	0	0
4000000	0	3
4100000	0	0
4200000	0	0
4300000	0	1
4400000	0	1
4500000	0	4
4600000	0	1
4700000	15	7
4800000	9	13
4900000	23	9
5000000	39	10
5100000	1	2
5200000	0	0
5300000	0	1
5400000	0	6
5500000	0	5
5600000	0	2
5700000	0	0
5800000	0	0
5900000	0	0
6000000	0	1
6100000	0	5
6200000	1	3
6300000	0	0
6400000	0	3
6500000	0	1
6600000	0	1
6700000	0	1
6800000	0	0
6900000	0	0
7000000	0	5
7100000	0	7
7200000	0	0
7300000	1	2
7400000	0	0
7500000	0	0
7600000	0	0
7700000	0	1
7800000	0	3
7900000	0	0
8000000	0	0
8100000	0	1
8200000	0	1
8300000	0	13
8400000	0	0
8500000	0	0
8600000	0	0
8700000	0	6
8800000	0	0
8900000	0	0
9000000	0	1
9100000	0	0
9200000	1	0
9300000	0	0
9400000	0	0
9500000	0	0
9600000	0	0
9700000	0	8
9800000	0	0
9900000	0	23
10000000	0	1
10100000	0	0
10200000	1	36
10300000	0	2
10400000	0	0
10500000	0	3
10600000	0	2
10700000	1	3
10800000	0	6
10900000	2	14
11000000	5	6
11100000	6	12
11200000	7	11
11300000	2	12
11400000	13	15
11500000	10	13
11600000	1	10
11700000	1	1
11800000	5	11
11900000	0	1
12000000	0	3
12100000	0	1
12200000	0	3
12300000	1	1
12400000	0	0
12500000	3	7
12600000	0	3
12700000	0	3
12800000	0	0
12900000	1	0
13000000	0	11
13100000	0	3
13200000	0	34
13300000	1	10
13400000	0	5
13500000	0	0
13600000	0	6
13700000	2	12
13800000	1	7
13900000	1	9
14000000	0	0
14100000	0	0
14200000	0	7
14300000	1	11
14400000	0	1
14500000	0	0
14600000	1	9
14700000	0	2
14800000	0	10
14900000	2	3
15000000	1	3
15100000	1	2
15200000	0	0
15300000	1	1
15400000	1	10
15500000	0	4
15600000	4	24
15700000	0	3
15800000	1	3
15900000	0	9
16000000	1	2
16100000	1	34
16200000	1	11
16300000	0	4
16400000	0	1
16500000	0	8
16600000	1	9
16700000	0	22
16800000	0	4
16900000	0	17
17000000	5	9
17100000	2	47
17200000	0	0
17300000	0	0
17400000	0	0
17500000	0	0
17600000	0	0
17700000	0	0
17800000	0	0
17900000	0	0
18000000	0	0
18100000	0	0
18200000	0	0
18300000	0	0
18400000	0	0
18500000	0	94
18600000	13	233
18700000	1	6
18800000	0	6
18900000	0	13
19000000	0	29
19100000	0	0
19200000	1	0
19300000	1	6
19400000	1	10
19500000	1	1
19600000	4	4
19700000	1	6
19800000	3	1
19900000	0	7
20000000	3	1
20100000	0	9
20200000	6	47
20300000	8	26
20400000	0	17
20500000	1	1
20600000	0	3
20700000	1	2
20800000	0	84
20900000	0	0
21000000	1	0
21100000	0	7
21200000	1	3
21300000	0	20
21400000	1	2
21500000	1	7
21600000	1	7
21700000	1	2
21800000	0	5
21900000	0	7
22000000	0	1
22100000	1	6
22200000	1	2
22300000	2	0
22400000	0	6
22500000	1	22
22600000	2	23
22700000	1	15
22800000	0	10
22900000	1	1
23000000	0	5
23100000	0	4
23200000	0	4
23300000	2	14
23400000	0	1
23500000	1	18
23600000	0	1
23700000	1	11
23800000	3	4
23900000	4	4
24000000	0	5
24100000	0	0
24200000	0	3
24300000	0	0
24400000	0	11
24500000	0	1
24600000	0	0
24700000	0	2
24800000	1	8
24900000	4	11
25000000	25	13
25100000	13	14
25200000	26	9
25300000	20	21
25400000	21	16
25500000	28	22
25600000	22	20
25700000	6	8
25800000	1	0
25900000	0	3
26000000	1	0
26100000	6	10
26200000	1	9
26300000	3	3
26400000	4	3
26500000	5	3
26600000	8	1
26700000	3	1
26800000	9	4
26900000	14	9
27000000	21	16
27100000	50	24
27200000	0	0
27300000	0	6
27400000	0	5
27500000	3	0
27600000	1	8
27700000	1	13
27800000	3	17
27900000	0	0
28000000	1	3
28100000	0	1
28200000	2	11
28300000	1	6
28400000	1	3
28500000	1	1
28600000	0	10
28700000	1	9
28800000	0	4
28900000	1	0
29000000	1	3
29100000	9	7
29200000	2	23
29300000	1	10
29400000	0	0
29500000	0	1
29600000	4	11
29700000	0	3
29800000	1	3
29900000	0	0
30000000	2	8
30100000	0	1
30200000	2	3
30300000	2	0
30400000	0	0
30500000	0	0
30600000	0	1
30700000	4	1
30800000	3	12
30900000	0	0
31000000	0	0
31100000	0	1
31200000	0	0
31300000	1	0
31400000	2	2
31500000	1	56
31600000	0	2
31700000	0	2
31800000	2	1
31900000	6	4
32000000	0	4
32100000	0	0
32200000	0	1
32300000	0	0
32400000	0	0
32500000	0	0
32600000	0	0
32700000	0	6
32800000	0	0
32900000	0	5
33000000	0	0
33100000	0	2
33200000	0	0
33300000	0	2
33400000	0	0
33500000	0	2
33600000	0	2
33700000	0	53
33800000	0	1
33900000	0	1
34000000	0	0
34100000	0	0
34200000	0	2
34300000	0	2
34400000	0	15
34500000	0	4
34600000	0	0
34700000	0	0
34800000	1	1
34900000	0	0
35000000	0	1
35100000	2	1
35200000	6	6
35300000	0	2
35400000	0	11
35500000	0	1
35600000	0	3
35700000	3	3
35800000	2	0
35900000	2	0
36000000	1	1
36100000	2	1
36200000	3	17
36300000	0	1
36400000	1	0
36500000	8	7
36600000	15	6
36700000	5	12
36800000	1	2
36900000	1	5
37000000	19	7
37100000	1	4
37200000	5	8
37300000	2	0
37400000	0	0
37500000	0	0
37600000	0	0
37700000	0	0
37800000	0	1
37900000	0	1
38000000	0	8
38100000	1	0
38200000	0	0
38300000	0	0
38400000	0	5
38500000	1	0
38600000	0	0
38700000	0	10
38800000	0	5
38900000	0	1
39000000	0	9
39100000	0	0
39200000	1	11
39300000	0	0
39400000	2	3
39500000	3	0
39600000	3	5
39700000	5	1
39800000	2	0
39900000	0	12
40000000	2	1
40100000	4	7
40200000	3	1
40300000	2	4
40400000	0	41
40500000	1	0
40600000	1	0
40700000	0	0
40800000	0	0
40900000	1	9
41000000	0	5
41100000	0	12
41200000	0	2
41300000	0	1
41400000	0	1
41500000	2	4
41600000	0	2
41700000	0	0
41800000	0	8
41900000	0	1
42000000	0	0
42100000	0	0
42200000	0	3
42300000	0	0
42400000	0	0
42500000	0	0
42600000	0	0
42700000	0	1
42800000	0	0
42900000	0	0
43000000	1	3
43100000	0	0
43200000	0	0
43300000	1	17
43400000	1	10
43500000	0	10
43600000	4	3
43700000	2	12
43800000	0	0
43900000	1	12
44000000	0	5
44100000	1	0
44200000	0	0
44300000	0	2
44400000	1	5
44500000	0	7
44600000	0	9
44700000	0	0
44800000	0	0
44900000	0	8
45000000	0	2
45100000	0	12
45200000	1	1
45300000	1	0
45400000	0	3
45500000	0	8
45600000	0	23
45700000	0	0
45800000	0	6
45900000	0	0
46000000	0	0
46100000	0	0
46200000	0	0
46300000	0	0
46400000	0	2
46500000	0	0
46600000	0	0
46700000	0	0
46800000	0	0
46900000	0	7
47000000	0	1
47100000	0	8
47200000	0	1
47300000	1	2
47400000	0	4
47500000	1	16
47600000	0	22
47700000	1	1
47800000	3	10
47900000	0	0
48000000	0	3
48100000	5	12
48200000	1	43
48300000	25	4
48400000	13	10
48500000	8	8
48600000	2	3
48700000	2	1
48800000	1	1
48900000	0	0
49000000	0	5
49100000	0	3
49200000	1	7
49300000	1	4
49400000	1	1
49500000	2	10
49600000	2	8
49700000	0	1
49800000	0	0
49900000	0	9
50000000	9	2
50100000	2	1
50200000	0	5
50300000	4	4
50400000	1	7
50500000	0	28
50600000	0	2
50700000	1	2
50800000	1	0
50900000	0	0
51000000	0	0
51100000	0	1
51200000	0	3
51300000	0	4
51400000	0	0
51500000	0	3
51600000	0	1
51700000	0	7
51800000	0	3
51900000	0	4
52000000	0	19
52100000	0	0
52200000	0	6
52300000	0	1
52400000	0	0
52500000	0	5
52600000	1	2
52700000	1	0
52800000	0	8
52900000	0	0
53000000	0	9
53100000	0	1
53200000	1	4
53300000	0	0
53400000	0	0
53500000	1	0
53600000	0	0
53700000	0	1
53800000	0	29
53900000	0	1
54000000	5	12
54100000	1	0
54200000	0	3
54300000	0	7
54400000	1	8
54500000	0	11
54600000	1	2
54700000	1	8
54800000	1	11
54900000	2	25
55000000	0	0
55100000	0	13
55200000	0	0
55300000	3	7
55400000	7	8
55500000	3	1
55600000	0	10
55700000	0	8
55800000	0	7
55900000	0	0
56000000	1	13
56100000	0	41
56200000	0	5
56300000	0	0
56400000	0	17
56500000	0	0
56600000	0	11
56700000	7	131
56800000	0	1
56900000	1	24
57000000	0	0
57100000	0	0
57200000	0	3
57300000	1	5
57400000	0	6
57500000	0	6
57600000	0	0
57700000	0	23
57800000	0	7
57900000	0	2
58000000	0	7
58100000	0	12
58200000	0	18
58300000	0	5
58400000	0	1
58500000	0	2
58600000	2	65
58700000	5	126
58800000	5	128
58900000	0	0
59000000	0	0
59100000	0	0
59200000	0	0
59300000	0	0
59400000	0	0
59500000	10	68
59600000	15	80
59700000	0	23
59800000	0	38
59900000	0	28
60000000	0	3
60100000	0	8
60200000	0	0
60300000	0	6
60400000	0	3
60500000	0	0
60600000	0	7
60700000	0	4
60800000	0	13
60900000	0	0
61000000	0	3
61100000	0	15
61200000	0	12
61300000	0	49
61400000	0	0
61500000	1	9
61600000	0	13
61700000	0	1
61800000	0	0
61900000	0	0
62000000	0	0
62100000	0	0
62200000	0	1
62300000	0	0
62400000	0	4
62500000	0	7
62600000	0	0
62700000	0	0
62800000	0	1
62900000	0	4
63000000	0	20
63100000	0	0
63200000	2	10
63300000	0	2
63400000	0	15
63500000	1	24
63600000	1	46
63700000	0	2
63800000	0	5
63900000	0	2
64000000	0	1
64100000	0	1
64200000	0	0
64300000	0	19
64400000	0	0
64500000	0	7
64600000	0	4
64700000	0	0
64800000	0	5
64900000	0	3
65000000	0	11
65100000	0	0
65200000	1	3
65300000	10	189
65400000	0	1
65500000	2	5
65600000	2	1
65700000	8	18
65800000	8	2
65900000	1	3
66000000	3	10
66100000	1	0
66200000	1	6
66300000	1	6
66400000	0	3
66500000	0	15
66600000	6	11
66700000	24	9
66800000	7	2
66900000	0	0
67000000	1	1
67100000	5	31
67200000	0	2
67300000	5	16
67400000	2	0
67500000	2	1
67600000	5	16
67700000	26	21
67800000	31	12
67900000	8	17
68000000	8	4
68100000	3	2
68200000	6	5
68300000	9	4
68400000	3	6
68500000	0	8
68600000	1	7
68700000	0	0
68800000	0	1
68900000	0	2
69000000	3	1
69100000	0	18
69200000	1	1
69300000	2	17
69400000	1	2
69500000	0	6
69600000	3	2
69700000	0	4
69800000	1	0
69900000	0	7
70000000	0	1
70100000	0	0
70200000	16	4
70300000	23	31
70400000	37	8
70500000	21	23
70600000	37	20
70700000	16	11
70800000	4	8
70900000	0	10
71000000	1	4
71100000	0	1
71200000	1	0
71300000	0	0
71400000	0	1
71500000	0	0
71600000	0	2
71700000	1	4
71800000	0	1
71900000	0	3
72000000	3	3
72100000	4	6
72200000	5	5
72300000	1	11
72400000	2	3
72500000	0	2
72600000	9	4
72700000	2	8
72800000	0	2
72900000	0	1
73000000	0	2
73100000	1	4
73200000	2	8
73300000	1	0
73400000	2	0
73500000	0	0
73600000	0	3
73700000	0	0
73800000	0	0
73900000	0	0
74000000	0	6
74100000	0	3
74200000	1	15
74300000	0	2
74400000	0	0
74500000	0	0
74600000	0	1
74700000	0	0
74800000	1	10
74900000	1	0
75000000	0	1
75100000	0	17
75200000	0	0
75300000	0	1
75400000	0	4
75500000	0	3
75600000	1	30
75700000	0	5
75800000	0	0
75900000	0	4
76000000	0	0
76100000	0	2
76200000	8	4
76300000	0	0
76400000	1	2
76500000	1	0
76600000	0	2
76700000	0	6
76800000	1	0
76900000	0	0
77000000	0	0
77100000	0	0
77200000	0	0
77300000	0	6
77400000	0	9
77500000	0	0
77600000	0	3
77700000	0	0
77800000	0	6
77900000	0	1
78000000	0	0
78100000	0	10
78200000	0	3
78300000	0	0
78400000	12	15
78500000	6	5
78600000	0	0
78700000	4	4
78800000	5	5
78900000	1	8
79000000	0	0
79100000	0	0
79200000	1	8
79300000	0	0
79400000	0	0
79500000	0	0
79600000	0	0
79700000	3	0
79800000	3	4
79900000	1	3
80000000	0	8
80100000	2	9
80200000	2	3
80300000	0	1
80400000	1	5
80500000	2	4
80600000	0	1
80700000	1	2
80800000	3	2
80900000	0	1
81000000	2	1
81100000	12	21
81200000	3	1
81300000	1	2
81400000	0	1
81500000	0	0
81600000	0	2
81700000	0	0
81800000	0	7
81900000	0	4
82000000	0	5
82100000	3	15
82200000	1	0
82300000	0	2
82400000	1	1
82500000	2	0
82600000	0	3
82700000	0	1
82800000	1	2
82900000	1	1
83000000	1	1
83100000	10	5
83200000	10	36
83300000	13	8
83400000	0	6
83500000	0	0
83600000	0	2
83700000	1	3
83800000	1	1
83900000	0	0
84000000	1	0
84100000	0	1
84200000	0	1
84300000	0	6
84400000	0	1
84500000	1	1
84600000	3	0
84700000	0	0
84800000	0	2
84900000	1	2
85000000	1	0
85100000	1	1
85200000	1	3
85300000	1	0
85400000	1	2
85500000	0	1
85600000	0	4
85700000	2	1
85800000	0	7
85900000	0	9
86000000	1	1
86100000	0	2
86200000	0	0
86300000	0	3
86400000	0	0
86500000	0	1
86600000	0	0
86700000	0	1
86800000	0	1
86900000	0	1
87000000	0	2
87100000	0	3
87200000	0	0
87300000	0	3
87400000	0	0
87500000	0	0
87600000	0	10
87700000	0	0
87800000	0	0
87900000	0	1
88000000	0	1
88100000	0	0
88200000	0	0
88300000	0	6
88400000	0	1
88500000	0	0
88600000	0	1
88700000	6	46
88800000	0	1
88900000	0	0
89000000	0	1
89100000	0	1
89200000	0	2
89300000	0	0
89400000	0	0
89500000	0	0
89600000	0	0
89700000	0	0
89800000	0	10
89900000	0	0
90000000	0	0
90100000	0	0
90200000	0	8
90300000	0	0
90400000	1	5
90500000	0	1
90600000	0	0
90700000	0	0
90800000	0	2
90900000	0	1
91000000	0	57
91100000	0	2
91200000	0	0
91300000	0	0
91400000	0	0
91500000	0	1
91600000	0	0
91700000	0	0
91800000	0	0
91900000	1	3
92000000	3	14
92100000	2	9
92200000	4	32
92300000	2	5
92400000	6	7
92500000	1	1
92600000	0	1
92700000	0	4
92800000	4	6
92900000	0	1
93000000	3	2
93100000	2	6
93200000	3	5
93300000	4	5
93400000	1	0
93500000	1	2
93600000	0	3
93700000	1	10
93800000	0	3
93900000	0	0
94000000	0	2
94100000	2	3
94200000	17	3
94300000	3	1
94400000	2	1
94500000	1	3
94600000	1	1
94700000	1	16
94800000	1	2
94900000	0	0
95000000	0	1
95100000	1	1
95200000	0	2
95300000	0	65
95400000	0	7
95500000	0	0
95600000	0	0
95700000	0	0
95800000	0	0
95900000	0	71
96000000	2	6
96100000	0	6
96200000	0	8
96300000	0	5
96400000	0	1
96500000	0	2
96600000	1	1
96700000	2	4
96800000	1	3
96900000	1	0
97000000	7	5
97100000	2	5
97200000	3	2
97300000	1	4
97400000	18	5
97500000	9	12
97600000	4	3
97700000	3	13
97800000	0	10
97900000	0	1
98000000	0	1
98100000	0	7
98200000	1	15
98300000	3	2
98400000	1	2
98500000	5	20
98600000	3	15
98700000	2	7
98800000	2	2
98900000	10	4
99000000	22	24
99100000	4	14
99200000	4	5
99300000	2	7
99400000	0	7
99500000	0	4
99600000	0	8
99700000	2	4
99800000	0	1
99900000	0	1
100000000	1	2
100100000	2	2
100200000	0	3
100300000	0	0
100400000	1	33
100500000	0	0
100600000	1	1
100700000	0	3
100800000	0	15
100900000	1	23
101000000	2	18
101100000	0	12
101200000	1	6
101300000	1	12
101400000	0	27
101500000	0	4
101600000	0	3
101700000	0	2
101800000	1	11
101900000	0	4
102000000	0	0
102100000	0	0
102200000	2	130
102300000	0	2
102400000	0	15
102500000	0	4
102600000	2	11
102700000	1	0
102800000	0	19
102900000	1	35
103000000	1	3
103100000	0	0
103200000	0	1
103300000	1	0
103400000	0	1
103500000	1	4
103600000	2	6
103700000	1	0
103800000	0	3
103900000	1	2
104000000	2	1
104100000	2	14
104200000	0	20
104300000	2	2
104400000	1	22
104500000	1	28
104600000	2	10
104700000	2	15
104800000	0	10
104900000	0	1
105000000	0	2
105100000	1	8
105200000	1	4
105300000	2	3
105400000	1	22
105500000	2	2
105600000	1	4
105700000	2	40
105800000	1	14
105900000	1	11
106000000	0	6
106100000	1	1
106200000	0	1
106300000	0	3
106400000	0	7
106500000	10	6
106600000	4	21
106700000	3	2
106800000	0	1
106900000	0	13
107000000	1	1
107100000	0	2
107200000	0	1
107300000	0	2
107400000	0	0
107500000	0	0
107600000	1	0
107700000	0	14
107800000	0	5
107900000	0	2
108000000	3	3
108100000	0	4
108200000	0	15
108300000	0	0
108400000	0	1
108500000	0	2
108600000	0	4
108700000	1	0
108800000	1	0
108900000	0	0
109000000	0	0
109100000	0	2
109200000	0	0
109300000	1	4
109400000	0	39
109500000	0	8
109600000	1	12
109700000	0	0
109800000	0	3
109900000	0	3
110000000	0	3
110100000	1	0
110200000	1	0
110300000	0	1
110400000	0	0
110500000	0	0
110600000	0	29
110700000	0	0
110800000	0	3
110900000	0	0
111000000	0	0
111100000	2	1
111200000	1	0
111300000	0	0
111400000	0	2
111500000	1	0
111600000	1	1
111700000	0	0
111800000	0	0
111900000	0	0
112000000	0	0
112100000	0	0
112200000	0	0
112300000	0	0
112400000	0	2
112500000	1	0
112600000	0	1
112700000	0	0
112800000	0	3
112900000	0	0
113000000	0	0
113100000	0	0
113200000	0	9
113300000	3	11
113400000	0	0
113500000	0	1
113600000	0	16
113700000	1	9
113800000	0	1
113900000	0	6
114000000	0	8
114100000	2	1
114200000	0	1
114300000	0	1
114400000	0	2
114500000	0	0
114600000	0	8
114700000	0	1
114800000	0	0
114900000	1	1
115000000	1	0
115100000	0	2
115200000	1	17
115300000	0	1
115400000	0	0
115500000	2	0
115600000	4	12
115700000	2	5
115800000	0	2
115900000	3	0
116000000	10	2
116100000	2	95
116200000	2	2
116300000	3	7
116400000	1	3
116500000	0	3
116600000	0	0
116700000	0	0
116800000	0	3
116900000	0	0
117000000	0	4
117100000	0	0
117200000	0	0
117300000	0	2
117400000	0	0
117500000	0	3
117600000	0	5
117700000	0	3
117800000	0	3
117900000	1	0
118000000	0	1
118100000	0	8
118200000	0	3
118300000	0	5
118400000	0	13
118500000	0	8
118600000	0	0
118700000	0	0
118800000	1	4
118900000	0	4
119000000	2	2
119100000	0	0
119200000	0	12
119300000	0	0
119400000	0	3
119500000	5	3
119600000	1	3
119700000	3	27
119800000	0	6
119900000	1	15
120000000	0	1
120100000	11	94
120200000	1	2
120300000	7	5
120400000	0	0
120500000	1	0
120600000	0	0
120700000	0	28
120800000	0	2
120900000	4	11
121000000	1	0
121100000	0	7
121200000	3	3
121300000	0	19
121400000	0	9
121500000	0	29
121600000	8	4
121700000	19	12
121800000	5	37
121900000	2	7
122000000	0	12
122100000	0	6
122200000	3	13
122300000	1	7
122400000	0	48
122500000	3	23
122600000	0	8
122700000	21	37
122800000	67	56
122900000	12	34
123000000	26	110
123100000	6	29
123200000	3	16
123300000	13	8
123400000	14	78
123500000	4	12
123600000	5	19
123700000	0	0
123800000	2	0
123900000	0	43
124000000	1	6
124100000	1	103
124200000	3	26
124300000	13	2
124400000	0	4
124500000	0	0
124600000	1	12
124700000	0	1
124800000	1	22
124900000	0	2
125000000	4	6
125100000	0	3
125200000	5	1
125300000	0	10
125400000	0	3
125500000	4	6
125600000	6	8
125700000	0	2
125800000	3	1
125900000	4	6
126000000	6	26
126100000	30	30
126200000	14	35
126300000	2	6
126400000	1	23
126500000	2	5
126600000	1	9
126700000	4	62
126800000	0	5
126900000	0	10
127000000	4	25
127100000	1	67
127200000	5	5
127300000	0	15
127400000	0	10
127500000	0	1
127600000	0	0
127700000	0	17
127800000	1	7
127900000	1	1
128000000	3	6
128100000	2	4
128200000	0	22
128300000	3	3
128400000	0	1
128500000	0	0
128600000	0	0
128700000	0	6
128800000	5	25
128900000	0	6
129000000	0	16
129100000	0	2
129200000	0	18
129300000	3	31
129400000	1	1
129500000	1	1
129600000	0	47
129700000	2	23
129800000	0	15
129900000	0	16
130000000	3	24
130100000	3	1
130200000	2	2
130300000	4	4
130400000	0	19
130500000	0	3
130600000	0	2
130700000	0	1
130800000	3	28
130900000	0	11
131000000	4	10
131100000	5	7
131200000	3	0
131300000	2	24
131400000	3	7
131500000	2	6
131600000	0	11
131700000	3	80
131800000	3	8
131900000	6	1
132000000	1	5
132100000	1	0
132200000	1	6
132300000	4	29
132400000	1	23
132500000	1	14
132600000	1	2
132700000	1	16
132800000	3	1
132900000	0	1
133000000	3	1
133100000	4	3
133200000	4	6
133300000	2	12
133400000	2	5
133500000	2	11
133600000	1	13
133700000	2	5
133800000	0	2
133900000	1	2
134000000	1	3
134100000	9	6
134200000	27	8
134300000	7	5
134400000	4	1
134500000	7	7
134600000	3	2
134700000	18	14
134800000	14	7
134900000	0	1
135000000	2	2
135100000	12	15
135200000	18	5
135300000	24	89
135400000	2	26
135500000	0	1
135600000	1	5
135700000	6	2
135800000	5	9
135900000	2	1
136000000	3	0
136100000	1	0
136200000	6	4
136300000	0	2
136400000	0	3
136500000	0	9
136600000	3	16
136700000	5	10
136800000	2	13
136900000	7	19
137000000	6	10
137100000	10	41
137200000	43	132
137300000	40	88
137400000	4	26
137500000	8	40
137600000	1	0
137700000	2	5
137800000	1	2
137900000	4	12
138000000	9	4
138100000	8	12
138200000	10	5
138300000	6	0
138400000	16	6
138500000	4	4
138600000	7	2
138700000	4	2
138800000	2	6
138900000	1	4
139000000	4	9
139100000	7	3
139200000	8	9
139300000	0	1
139400000	0	0
139500000	2	16
139600000	8	0
139700000	1	1
139800000	2	4
139900000	2	1
140000000	11	5
140100000	0	3
140200000	0	0
140300000	11	3
140400000	1	2
140500000	2	21
140600000	1	7
140700000	10	4
140800000	0	0
140900000	1	0
141000000	0	1
141100000	0	0
141200000	0	4
141300000	1	1
141400000	0	0
141500000	0	0
141600000	0	0
141700000	1	0
141800000	0	0
141900000	0	0
142000000	0	0
142100000	3	0
142200000	3	2
142300000	2	1
142400000	0	6
142500000	2	2
142600000	5	4
142700000	1	0
142800000	0	0
142900000	0	0
143000000	1	0
143100000	1	0
143200000	1	0
143300000	0	4
143400000	0	1
143500000	0	0
143600000	2	2
143700000	6	0
143800000	0	0
143900000	2	0
144000000	0	0
144100000	0	0
144200000	3	0
144300000	1	1
144400000	0	7
144500000	0	0
144600000	0	0
144700000	0	2
144800000	0	2
144900000	0	0
145000000	0	0
145100000	1	0
145200000	1	5
145300000	1	0
145400000	1	0
145500000	7	1
145600000	0	2
145700000	0	0
145800000	0	0
145900000	4	7
146000000	0	0
146100000	1	15
146200000	0	0
146300000	1	0
146400000	0	0
146500000	8	1
146600000	0	13
146700000	0	4
146800000	12	2
146900000	1	1
147000000	4	0
147100000	2	20
147200000	6	6
147300000	2	5
147400000	8	7
147500000	4	0
147600000	0	5
147700000	6	0
147800000	0	20
147900000	1	1
148000000	2	0
148100000	3	2
148200000	2	0
148300000	0	13
148400000	0	1
148500000	2	2
148600000	2	5
148700000	3	1
148800000	5	12
148900000	5	4
149000000	7	3
149100000	2	2
149200000	0	4
149300000	8	3
149400000	25	9
149500000	14	3
149600000	1	19
149700000	1	0
149800000	1	0
149900000	3	1
150000000	7	4
150100000	1	2
150200000	0	0
150300000	0	0
150400000	0	2
150500000	9	1
150600000	4	9
150700000	2	0
150800000	5	2
150900000	5	1
151000000	8	2
151100000	2	1
151200000	0	1
151300000	1	0
151400000	7	2
151500000	2	0
151600000	0	6
151700000	0	3
151800000	1	2
151900000	12	37
152000000	6	3
152100000	1	5
152200000	0	11
152300000	1	0
152400000	1	1
152500000	0	1
152600000	1	4
152700000	4	1
152800000	1	0
152900000	0	0
153000000	1	0
153100000	1	0
153200000	2	3
153300000	0	1
153400000	13	4
153500000	22	3
153600000	7	0
153700000	3	1
153800000	1	7
153900000	1	0
154000000	0	1
154100000	1	0
154200000	1	0
154300000	1	0
154400000	4	0
154500000	1	2
154600000	7	1
154700000	7	0
154800000	2	0
154900000	0	2
155000000	4	0
155100000	1	1
155200000	4	86
155300000	0	13
155400000	0	0
155500000	0	0
155600000	0	3
155700000	0	10
155800000	1	2
155900000	0	1
156000000	0	2
156100000	1	0
156200000	0	9
156300000	0	0
156400000	0	0
156500000	1	2
156600000	0	0
156700000	0	2
156800000	0	2
156900000	5	0
157000000	7	4
157100000	0	1
157200000	0	4
157300000	0	17
157400000	1	0
157500000	0	8
157600000	1	10
157700000	0	2
157800000	1	2
157900000	3	1
158000000	0	0
158100000	0	0
158200000	1	5
158300000	11	25
158400000	7	5
158500000	3	4
158600000	1	5
158700000	8	6
158800000	1	7
158900000	0	0
159000000	0	1
159100000	1	11
159200000	1	10
159300000	0	3
159400000	1	0
159500000	1	7
159600000	0	20
159700000	0	101
159800000	1	25
159900000	1	7
160000000	3	4
160100000	1	1
160200000	0	2
160300000	0	5
160400000	3	6
160500000	1	2
160600000	0	0
160700000	0	17
160800000	0	0
160900000	0	25
161000000	0	12
161100000	0	3
161200000	0	6
161300000	0	5
161400000	2	1
161500000	0	0
161600000	0	0
161700000	0	4
161800000	0	7
161900000	0	1
162000000	0	4
162100000	0	6
162200000	0	8
162300000	0	0
162400000	0	2
162500000	0	1
162600000	0	0
162700000	0	2
162800000	1	0
162900000	0	0
163000000	0	27
163100000	2	3
163200000	0	0
163300000	0	4
163400000	1	21
163500000	0	1
163600000	0	0
163700000	0	2
163800000	0	2
163900000	0	8
164000000	0	11
164100000	0	100
164200000	0	10
164300000	0	2
164400000	0	100
164500000	0	2
164600000	0	3
164700000	0	18
164800000	0	9
164900000	0	17
165000000	0	0
165100000	0	6
165200000	0	8
165300000	0	18
165400000	0	25
165500000	0	3
165600000	0	0
165700000	0	11
165800000	0	11
165900000	0	17
166000000	0	0
166100000	0	2
166200000	0	1
166300000	0	12
166400000	0	13
166500000	0	4
166600000	0	34
166700000	0	5
166800000	0	6
166900000	0	3
167000000	0	22
167100000	0	0
167200000	7	149
167300000	0	16
167400000	0	7
167500000	0	3
167600000	2	5
167700000	0	16
167800000	0	12
167900000	0	1
168000000	0	13
168100000	0	5
168200000	0	4
168300000	0	0
168400000	0	9
168500000	0	7
168600000	0	5
168700000	0	3
168800000	0	0
168900000	0	1
169000000	0	7
169100000	0	7
169200000	0	12
169300000	0	14
169400000	0	4
169500000	0	46
169600000	0	1
169700000	0	3
169800000	0	4
169900000	1	8
170000000	0	1
170100000	0	1
170200000	0	4
170300000	0	25
170400000	1	0
170500000	0	11
170600000	0	5
170700000	1	3
170800000	0	0
170900000	0	0
171000000	0	2
171100000	0	8
171200000	0	2
171300000	0	0
171400000	0	3
171500000	0	3
171600000	0	5
171700000	0	1
171800000	0	1
171900000	0	0
172000000	0	0
172100000	1	11
172200000	0	2
172300000	0	10
172400000	0	3
172500000	0	2
172600000	0	1
172700000	0	0
172800000	0	14
172900000	0	2
173000000	0	0
173100000	0	0
173200000	3	6
173300000	0	0
173400000	0	0
173500000	0	7
173600000	0	0
173700000	0	0
173800000	1	0
173900000	0	1
174000000	1	61
174100000	0	4
174200000	0	3
174300000	0	1
174400000	0	3
174500000	0	2
174600000	0	1
174700000	1	10
174800000	0	1
174900000	0	0
175000000	0	0
175100000	0	8
175200000	0	0
175300000	0	7
175400000	1	0
175500000	0	0
175600000	0	16
175700000	0	0
175800000	0	0
175900000	0	18
176000000	0	0
176100000	0	0
176200000	1	37
176300000	1	0
176400000	2	35
176500000	0	7
176600000	0	4
176700000	0	0
176800000	0	0
176900000	0	4
177000000	0	0
177100000	0	5
177200000	0	8
177300000	0	2
177400000	1	1
177500000	0	2
177600000	0	0
177700000	0	0
177800000	0	2
177900000	1	0
178000000	0	0
178100000	0	0
178200000	0	9
178300000	0	0
178400000	0	0
178500000	0	0
178600000	0	1
178700000	0	0
178800000	0	3
178900000	0	125
179000000	0	0
179100000	0	0
179200000	0	2
179300000	1	17
179400000	0	0
179500000	0	3
179600000	4	1
179700000	0	3
179800000	0	19
179900000	1	0
180000000	1	3
180100000	0	7
180200000	0	0
180300000	0	2
180400000	0	1
180500000	0	0
180600000	0	0
180700000	0	0
180800000	1	2
180900000	0	12
181000000	0	3
181100000	0	6
181200000	0	6
181300000	1	4
181400000	0	8
181500000	0	0
181600000	0	12
181700000	0	5
181800000	0	5
181900000	0	16
182000000	0	0
182100000	0	0
182200000	3	0
182300000	2	2
182400000	0	6
182500000	0	0
182600000	3	8
182700000	6	26
182800000	2	6
182900000	4	0
183000000	0	8
183100000	2	1
183200000	0	1
183300000	0	5
183400000	0	0
183500000	0	1
183600000	1	0
183700000	0	0
183800000	0	0
183900000	0	0
184000000	1	2
184100000	0	1
184200000	0	0
184300000	2	1
184400000	0	0
184500000	0	4
184600000	0	1
184700000	0	3
184800000	0	18
184900000	1	0
185000000	0	18
185100000	0	15
185200000	8	85
185300000	8	104
185400000	0	30
185500000	0	0
185600000	0	1
185700000	0	1
185800000	2	7
185900000	0	0
186000000	3	2
186100000	3	3
186200000	0	10
186300000	0	7
186400000	0	0
186500000	0	10
186600000	0	4
186700000	0	1
186800000	13	6
186900000	4	3
187000000	3	1
187100000	0	0
187200000	2	27
187300000	7	4
187400000	4	5
187500000	0	0
187600000	0	3
187700000	0	0
187800000	0	0
187900000	0	0
188000000	0	7
188100000	0	0
188200000	0	1
188300000	0	5
188400000	0	1
188500000	0	7
188600000	0	0
188700000	0	0
188800000	0	1
188900000	0	0
189000000	0	0
189100000	0	4
189200000	0	0
189300000	0	8
189400000	0	3
189500000	0	0
189600000	0	2
189700000	0	1
189800000	0	5
189900000	0	0
190000000	0	0
190100000	0	3
190200000	0	0
190300000	0	0
190400000	1	6
190500000	0	0
190600000	0	0
190700000	0	0
190800000	2	10
190900000	0	2
191000000	0	0
191100000	0	0
191200000	0	10
191300000	0	7
191400000	1	1
191500000	0	10
191600000	0	0
191700000	0	1
191800000	0	0
191900000	0	1
192000000	1	2
192100000	3	5
192200000	1	0
192300000	0	21
192400000	1	1
192500000	0	0
192600000	1	5
192700000	2	8
192800000	1	1
192900000	5	2
193000000	4	4
193100000	11	8
193200000	21	5
193300000	39	22
193400000	24	12
193500000	13	19
193600000	23	9
193700000	9	16
193800000	9	29
193900000	2	13
194000000	4	18
194100000	0	6
194200000	0	26
194300000	1	2
194400000	1	15
194500000	0	1
194600000	1	1
194700000	3	6
194800000	0	7
194900000	0	2
195000000	0	2
195100000	2	11
195200000	1	5
195300000	1	3
195400000	1	25
195500000	0	15
195600000	0	4
195700000	11	4
195800000	4	2
195900000	9	1
196000000	26	15
196100000	5	5
196200000	9	20
196300000	32	32
196400000	2	5
196500000	1	0
196600000	1	3
196700000	0	12
196800000	1	17
196900000	2	7
197000000	1	13
197100000	0	6
197200000	0	86
197300000	4	2
197400000	0	5
197500000	0	2
197600000	0	1
197700000	0	6
197800000	0	0
197900000	0	6
198000000	0	7
198100000	0	0
198200000	0	2
198300000	0	0
198400000	0	0
198500000	0	1
198600000	0	4
198700000	0	3
198800000	0	0
198900000	0	0
199000000	0	4
199100000	0	40
199200000	0	43
199300000	0	1
199400000	0	0
199500000	0	1
199600000	0	7
199700000	0	0
199800000	0	3
199900000	0	18
200000000	0	15
200100000	0	24
200200000	0	2
200300000	0	7
200400000	0	9
200500000	0	11
200600000	0	19
200700000	0	0
200800000	0	0
200900000	0	0
201000000	0	0
201100000	0	0
201200000	0	0
201300000	0	0
201400000	0	0
201500000	0	0
201600000	7	147
201700000	1	46
201800000	0	13
201900000	0	1
202000000	0	6
202100000	0	5
202200000	0	4
202300000	0	23
202400000	0	15
202500000	0	67
202600000	0	2
202700000	0	1
202800000	0	1
202900000	0	2
203000000	0	16
203100000	0	44
203200000	0	12
203300000	1	5
203400000	0	4
203500000	0	0
203600000	1	22
203700000	1	2
203800000	0	1
203900000	0	13
204000000	0	9
204100000	0	0
204200000	0	21
204300000	0	28
204400000	0	11
204500000	0	15
204600000	0	5
204700000	0	1
204800000	0	4
204900000	0	31
205000000	0	1
205100000	0	2
205200000	0	3
205300000	0	9
205400000	0	24
205500000	0	3
205600000	0	2
205700000	0	0
205800000	0	5
205900000	0	3
206000000	0	12
206100000	0	14
206200000	0	1
206300000	0	0
206400000	0	6
206500000	0	6
206600000	0	10
206700000	0	31
206800000	0	13
206900000	0	5
207000000	0	5
207100000	0	4
207200000	0	0
207300000	0	6
207400000	0	18
207500000	0	0
207600000	0	0
207700000	0	5
207800000	0	0
207900000	0	1
208000000	0	25
208100000	0	13
208200000	17	11
208300000	8	23
208400000	0	7
208500000	1	13
208600000	0	15
208700000	0	29
208800000	0	129
208900000	0	11
209000000	0	0
209100000	0	2
209200000	0	1
209300000	0	0
209400000	0	5
209500000	0	1
209600000	0	0
209700000	1	1
209800000	0	0
209900000	8	13
210000000	2	3
210100000	0	1
210200000	0	26
210300000	0	2
210400000	0	0
210500000	0	18
210600000	0	0
210700000	1	1
210800000	0	0
210900000	1	7
211000000	0	0
211100000	0	3
211200000	1	0
211300000	0	0
211400000	0	23
211500000	3	4
211600000	1	4
211700000	5	0
211800000	1	0
211900000	2	3
212000000	4	8
212100000	1	2
212200000	2	11
212300000	6	3
212400000	1	4
212500000	2	0
212600000	1	0
212700000	0	4
212800000	0	2
212900000	0	1
213000000	0	1
213100000	0	1
213200000	0	1
213300000	0	4
213400000	0	1
213500000	1	1
213600000	1	2
213700000	0	6
213800000	0	3
213900000	1	0
214000000	1	4
214100000	1	2
214200000	0	0
214300000	0	0
214400000	0	0
214500000	0	0
214600000	0	0
214700000	1	2
214800000	0	14
214900000	0	11
215000000	0	0
215100000	0	0
215200000	0	1
215300000	0	1
215400000	0	1
215500000	0	7
215600000	0	0
215700000	0	0
215800000	0	2
215900000	0	0
216000000	0	3
216100000	0	3
216200000	0	11
216300000	0	6
216400000	0	12
216500000	0	1
216600000	0	1
216700000	0	1
216800000	0	1
216900000	0	3
217000000	1	1
217100000	0	0
217200000	1	0
217300000	0	0
217400000	0	20
217500000	0	7
217600000	0	16
217700000	0	13
217800000	0	2
217900000	0	0
218000000	1	4
218100000	0	0
218200000	1	0
218300000	0	3
218400000	0	1
218500000	0	1
218600000	1	2
218700000	5	3
218800000	4	0
218900000	9	15
219000000	11	6
219100000	20	25
219200000	5	17
219300000	2	3
219400000	0	1
219500000	5	0
219600000	0	4
219700000	1	0
219800000	0	32
219900000	2	2
220000000	5	7
220100000	5	5
220200000	4	7
220300000	2	3
220400000	3	7
220500000	4	14
220600000	20	10
220700000	8	4
220800000	5	10
220900000	1	12
221000000	5	15
221100000	8	5
221200000	2	1
221300000	0	14
221400000	0	2
221500000	4	4
221600000	4	9
221700000	0	2
221800000	3	3
221900000	3	25
222000000	23	13
222100000	16	17
222200000	5	0
222300000	0	0
222400000	0	0
222500000	0	5
222600000	0	13
222700000	0	1
222800000	0	0
222900000	0	1
223000000	0	1
223100000	0	0
223200000	0	0
223300000	0	0
223400000	0	0
223500000	0	0
223600000	0	0
223700000	1	16
223800000	0	0
223900000	0	11
224000000	0	2
224100000	0	5
224200000	0	0
224300000	0	0
224400000	0	0
224500000	0	0
224600000	0	46
224700000	1	6
224800000	0	1
224900000	0	6
225000000	0	8
225100000	0	0
225200000	0	11
225300000	0	9
225400000	0	15
225500000	0	2
225600000	0	7
225700000	0	0
225800000	0	0
225900000	0	0
226000000	0	2
226100000	0	8
226200000	0	8
226300000	1	0
226400000	0	1
226500000	0	1
226600000	0	7
226700000	0	6
226800000	1	7
226900000	1	10
227000000	0	16
227100000	0	34
227200000	0	4
227300000	0	4
227400000	0	24
227500000	0	12
227600000	0	0
227700000	0	6
227800000	0	0
227900000	0	11
228000000	0	5
228100000	0	1
228200000	0	2
228300000	0	0
228400000	0	2
228500000	1	5
228600000	0	23
228700000	0	6
228800000	0	4
228900000	0	4
229000000	0	1
229100000	0	0
229200000	0	0
229300000	0	0
229400000	1	5
229500000	0	0
229600000	0	4
229700000	3	44
229800000	0	7
229900000	0	6
230000000	0	0
230100000	0	0
230200000	1	3
230300000	1	31
230400000	0	1
230500000	3	29
230600000	0	30
230700000	0	15
230800000	0	0
230900000	0	7
231000000	0	2
231100000	0	105
231200000	0	3
231300000	0	1
231400000	0	4
231500000	4	0
231600000	2	12
231700000	0	5
231800000	0	4
231900000	0	8
232000000	0	2
232100000	0	25
232200000	0	2
232300000	0	0
232400000	0	19
232500000	0	3
232600000	0	7
232700000	0	3
232800000	0	9
232900000	0	2
233000000	0	28
233100000	0	11
233200000	0	8
233300000	0	1
233400000	0	2
233500000	1	4
233600000	0	4
233700000	0	24
233800000	0	3
233900000	1	15
234000000	0	1
234100000	0	0
234200000	0	7
234300000	0	0
234400000	0	5
234500000	0	1
234600000	0	6
234700000	0	2
234800000	0	7
234900000	0	9
235000000	0	2
235100000	0	15
235200000	0	2
235300000	0	10
235400000	0	11
235500000	0	0
235600000	1	15
235700000	0	2
235800000	3	38
235900000	0	1
236000000	0	5
236100000	0	8
236200000	1	44
236300000	0	5
236400000	1	1
236500000	1	0
236600000	3	3
236700000	0	0
236800000	1	5
236900000	1	27
237000000	4	18
237100000	3	5
237200000	4	12
237300000	4	2
237400000	0	1
237500000	4	12
237600000	16	18
237700000	4	3
237800000	1	6
237900000	1	0
238000000	1	1
238100000	0	3
238200000	0	0
238300000	3	3
238400000	2	5
238500000	0	5
238600000	2	6
238700000	16	12
238800000	28	9
238900000	30	18
239000000	3	4
239100000	1	10
239200000	0	6
239300000	2	3
239400000	4	4
239500000	0	2
239600000	1	1
239700000	1	6
239800000	0	2
239900000	2	7
240000000	0	4
240100000	0	2
240200000	0	1
240300000	3	4
240400000	26	8
240500000	31	17
240600000	0	4
240700000	3	1
240800000	1	2
240900000	12	10
241000000	13	27
241100000	16	22
241200000	22	9
241300000	10	6
241400000	2	3
241500000	1	5
241600000	3	1
241700000	3	30
241800000	1	2
241900000	4	3
242000000	2	1
242100000	2	1
242200000	1	2
242300000	9	2
242400000	22	17
242500000	45	20
242600000	25	5
242700000	1	0
242800000	0	3
242900000	0	3
243000000	1	0
243100000	6	3
243200000	16	7
243300000	28	37
243400000	6	15
243500000	0	16
243600000	1	1
243700000	0	2
243800000	0	3
243900000	2	1
244000000	1	0
244100000	0	0
244200000	1	18
244300000	0	2
244400000	0	2
244500000	0	1
244600000	0	0
244700000	0	1
244800000	4	3
244900000	1	12
245000000	0	22
245100000	2	8
245200000	3	5
245300000	0	39
245400000	0	7
245500000	4	5
245600000	1	4
245700000	1	2
245800000	0	3
245900000	0	6
246000000	0	1
246100000	0	6
246200000	0	0
246300000	0	0
246400000	0	0
246500000	0	0
246600000	0	2
246700000	0	1
246800000	0	0
246900000	0	0
247000000	1	3
247100000	3	2
247200000	5	14
247300000	0	3
247400000	2	6
247500000	0	3
247600000	0	0
247700000	1	51
247800000	0	0
247900000	0	0
248000000	0	10
248100000	0	0
248200000	0	0
248300000	0	2
248400000	0	8
248500000	0	0
248600000	0	0
248700000	0	2
248800000	0	0
248900000	0	0
249000000	0	5
249100000	13	6
249200000	0	2
249300000	0	1
249400000	0	0
249500000	0	1
249600000	0	3
249700000	0	11
249800000	1	0
249900000	0	1
250000000	2	1
250100000	0	4
250200000	1	4
250300000	1	16
250400000	1	15
250500000	29	34
250600000	2	11
250700000	15	9
250800000	16	12
250900000	26	6
251000000	5	156
251100000	0	0
251200000	0	21
251300000	0	2
251400000	0	0
251500000	0	8
251600000	0	59
251700000	0	7
251800000	0	8
251900000	0	1
252000000	0	3
252100000	0	2
252200000	0	42
252300000	0	3
252400000	0	2
252500000	0	5
252600000	0	5
252700000	0	7
252800000	0	7
252900000	0	2
253000000	1	1
253100000	13	7
253200000	4	2
253300000	2	6
253400000	5	4
253500000	1	6
253600000	3	13
253700000	9	6
253800000	5	21
253900000	0	8
254000000	0	5
254100000	0	7
254200000	0	7
254300000	0	37
254400000	1	5
254500000	1	12
254600000	0	16
254700000	0	19
254800000	0	7
254900000	0	37
255000000	0	8
255100000	1	0
255200000	0	6
255300000	0	6
255400000	0	1
255500000	0	46
255600000	1	6
255700000	0	0
255800000	0	20
255900000	0	18
256000000	0	1
256100000	0	36
256200000	0	8
256300000	2	2
256400000	5	6
256500000	13	18
256600000	1	17
256700000	0	3
256800000	0	0
256900000	0	68
257000000	0	17
257100000	0	1
257200000	2	7
257300000	2	6
257400000	0	100
257500000	4	16
257600000	9	27
257700000	13	18
257800000	33	19
257900000	8	14
258000000	1	11
258100000	2	5
258200000	0	12
258300000	0	2
258400000	0	4
258500000	1	1
258600000	0	2
258700000	0	18
258800000	2	12
258900000	0	12
259000000	0	7
259100000	0	10
259200000	0	7
259300000	0	1
259400000	1	13
259500000	0	37
259600000	1	6
259700000	1	33
259800000	0	35
259900000	1	24
260000000	1	4
260100000	2	8
260200000	0	1
260300000	2	20
260400000	1	16
260500000	0	26
260600000	0	17
260700000	9	26
260800000	14	146
260900000	5	7
261000000	0	4
261100000	1	6
261200000	2	33
261300000	2	26
261400000	1	7
261500000	1	11
261600000	1	26
261700000	1	7
261800000	4	2
261900000	4	2
262000000	0	14
262100000	0	11
262200000	1	5
262300000	8	13
262400000	18	28
262500000	21	19
262600000	14	23
262700000	18	10
262800000	37	60
262900000	17	7
263000000	17	24
263100000	3	8
263200000	2	10
263300000	0	0
263400000	0	15
263500000	0	11
263600000	0	0
263700000	1	3
263800000	0	7
263900000	0	2
264000000	0	1
264100000	0	54
264200000	1	6
264300000	0	6
264400000	0	0
264500000	0	7
264600000	1	9
264700000	0	37
264800000	0	4
264900000	0	3
265000000	3	11
265100000	1	6
265200000	0	4
265300000	0	33
265400000	1	15
265500000	0	14
265600000	0	27
265700000	0	2
265800000	0	2
265900000	0	3
266000000	0	2
266100000	0	1
266200000	0	24
266300000	0	15
266400000	0	4
266500000	1	8
266600000	0	41
266700000	0	3
266800000	0	0
266900000	5	80
267000000	1	1
267100000	2	7
267200000	1	3
267300000	3	4
267400000	6	3
267500000	10	6
267600000	2	8
267700000	0	0
267800000	0	13
267900000	2	0
268000000	6	4
268100000	9	15
268200000	4	3
268300000	1	5
268400000	11	3
268500000	1	2
268600000	0	6
268700000	0	2
268800000	1	0
268900000	2	5
269000000	1	10
269100000	4	5
269200000	0	1
269300000	0	0
269400000	0	4
269500000	0	2
269600000	0	5
269700000	0	20
269800000	0	0
269900000	0	2
270000000	0	0
270100000	0	0
270200000	0	0
270300000	0	11
270400000	0	0
270500000	0	1
270600000	2	5
270700000	0	0
270800000	0	0
270900000	0	1
271000000	0	0
271100000	0	0
271200000	0	2
271300000	0	2
271400000	0	0
271500000	0	0
271600000	0	8
271700000	0	0
271800000	0	0
271900000	0	0
272000000	1	0
272100000	0	2
272200000	0	2
272300000	0	2
272400000	0	0
272500000	0	0
272600000	0	14
272700000	0	1
272800000	0	5
272900000	1	3
273000000	0	9
273100000	1	8
273200000	0	4
273300000	0	11
273400000	0	0
273500000	0	0
273600000	0	0
273700000	0	1
273800000	0	0
273900000	0	1
274000000	0	0
274100000	0	7
274200000	0	2
274300000	0	1
274400000	3	9
274500000	0	1
274600000	10	9
274700000	0	2
274800000	0	4
274900000	0	4
275000000	0	2
275100000	1	2
275200000	3	5
275300000	1	1
275400000	2	0
275500000	1	1
275600000	4	9
275700000	0	0
275800000	1	0
275900000	0	1
276000000	0	0
276100000	0	1
276200000	1	17
276300000	0	7
276400000	0	45
276500000	0	16
276600000	0	16
276700000	0	2
276800000	1	14
276900000	1	8
277000000	0	1
277100000	0	0
277200000	0	1
277300000	2	25
277400000	0	13
277500000	0	3
277600000	0	5
277700000	0	3
277800000	0	4
277900000	0	6
278000000	0	14
278100000	0	4
278200000	0	3
278300000	0	0
278400000	0	2
278500000	0	3
278600000	3	19
278700000	0	8
278800000	0	10
278900000	0	14
279000000	0	77
279100000	0	0
279200000	0	0
279300000	0	0
279400000	0	0
279500000	0	0
279600000	0	0
279700000	1	32
279800000	1	18
279900000	0	12
280000000	0	8
280100000	0	0
280200000	0	7
280300000	1	4
280400000	0	7
280500000	0	4
280600000	0	11
280700000	0	10
280800000	0	0
280900000	0	0
281000000	0	5
281100000	0	5
281200000	0	9
281300000	1	1
281400000	0	2
281500000	1	5
281600000	2	6
281700000	0	20
281800000	0	12
281900000	0	7
282000000	0	11
282100000	0	16
282200000	0	2
282300000	0	6
282400000	0	18
282500000	0	5
282600000	0	18
282700000	0	0
282800000	0	2
282900000	0	3
283000000	0	7
283100000	0	4
283200000	0	28
283300000	0	1
283400000	0	0
283500000	0	2
283600000	0	30
283700000	0	4
283800000	0	2
283900000	0	19
284000000	2	5
284100000	0	1
284200000	0	2
284300000	0	2
284400000	0	2
284500000	0	0
284600000	0	7
284700000	0	10
284800000	1	11
284900000	0	12
285000000	0	9
285100000	2	36
285200000	0	0
285300000	0	11
285400000	0	13
285500000	0	4
285600000	2	3
285700000	2	5
285800000	0	0
285900000	0	10
286000000	4	3
286100000	2	2
286200000	4	0
286300000	21	17
286400000	33	14
286500000	40	19
286600000	13	4
286700000	32	7
286800000	43	14
286900000	5	25
287000000	0	0
287100000	0	11
287200000	1	2
287300000	0	30
287400000	0	21
287500000	0	9
287600000	0	0
287700000	0	2
287800000	0	10
287900000	0	1
288000000	0	19
288100000	0	12
288200000	0	56
288300000	1	0
288400000	5	8
288500000	13	7
288600000	2	6
288700000	10	3
288800000	1	9
288900000	0	2
289000000	2	5
289100000	0	1
289200000	0	0
289300000	0	0
289400000	1	1
289500000	1	11
289600000	3	0
289700000	1	6
289800000	0	0
289900000	0	0
290000000	0	5
290100000	0	6
290200000	1	78
290300000	0	62
290400000	0	10
290500000	0	18
290600000	0	0
290700000	0	14
290800000	0	3
290900000	0	2
291000000	0	0
291100000	0	2
291200000	0	9
291300000	1	5
291400000	0	17
291500000	0	2
291600000	0	0
291700000	0	0
291800000	0	13
291900000	0	0
292000000	0	0
292100000	0	11
292200000	0	0
292300000	0	0
292400000	0	1
292500000	0	1
292600000	0	0
292700000	0	1
292800000	0	0
292900000	0	0
293000000	0	0
293100000	0	1
293200000	1	16
293300000	1	1
293400000	0	37
293500000	0	0
293600000	3	32
293700000	0	7
293800000	0	1
293900000	0	15
294000000	0	6
294100000	0	0
294200000	0	6
294300000	0	1
294400000	0	0
294500000	0	4
294600000	0	2
294700000	0	0
294800000	0	0
294900000	0	4
295000000	0	3
295100000	0	0
295200000	0	0
295300000	0	0
295400000	0	4
295500000	0	0
295600000	3	8
295700000	1	0
295800000	0	20
295900000	0	0
296000000	2	0
296100000	0	13
296200000	3	2
296300000	0	3
296400000	0	0
296500000	0	0
296600000	0	3
296700000	0	0
296800000	0	23
296900000	0	1
297000000	0	1
297100000	0	0
297200000	0	0
297300000	2	6
297400000	0	4
297500000	0	0
297600000	0	1
297700000	0	0
297800000	0	0
297900000	0	1
298000000	0	1
298100000	0	7
298200000	0	6
298300000	0	6
298400000	0	0
298500000	0	0
298600000	0	0
298700000	0	0
298800000	3	1
298900000	4	4
299000000	1	5
299100000	0	2
299200000	1	4
299300000	0	0
299400000	0	8
299500000	0	1
299600000	0	7
299700000	1	1
299800000	0	7
299900000	0	0
300000000	0	5
300100000	0	7
300200000	0	5
300300000	1	12
300400000	0	6
300500000	0	4
300600000	1	9
300700000	0	1
300800000	1	5
300900000	0	0
301000000	0	2
301100000	0	0
301200000	0	5
301300000	1	10
301400000	1	10
301500000	0	7
301600000	0	2
301700000	4	6
301800000	0	6
301900000	0	20
302000000	0	8
302100000	11	19
302200000	21	8
302300000	10	7
302400000	1	4
302500000	0	1
302600000	1	2
302700000	0	5
302800000	0	0
302900000	6	12
303000000	0	0
303100000	0	34
303200000	1	0
303300000	0	22
303400000	0	33
303500000	0	42
303600000	0	1
303700000	0	16
303800000	0	57
303900000	1	1
304000000	1	2
304100000	4	2
304200000	0	1
304300000	0	1
304400000	1	4
304500000	0	16
304600000	11	17
304700000	9	7
304800000	8	19
304900000	0	34
305000000	0	72
305100000	0	85
305200000	1	2
305300000	0	15
305400000	1	30
305500000	0	6
305600000	0	3
305700000	0	1
305800000	1	10
305900000	6	37
306000000	0	3
306100000	1	2
306200000	0	20
306300000	0	20
306400000	0	16
306500000	1	1
306600000	0	0
306700000	0	0
306800000	0	21
306900000	1	17
307000000	0	15
307100000	0	4
307200000	0	50
307300000	0	0
307400000	0	4
307500000	0	6
307600000	0	9
307700000	1	17
307800000	0	1
307900000	1	4
308000000	4	134
308100000	2	40
308200000	7	120
308300000	0	0
308400000	0	0
308500000	0	0
308600000	0	0
308700000	1	43
308800000	0	30
308900000	0	3
309000000	0	8
309100000	0	17
309200000	2	40
309300000	0	3
309400000	2	17
309500000	1	3
309600000	1	9
309700000	0	3
309800000	0	2
309900000	0	1
310000000	0	10
310100000	1	15
310200000	0	25
310300000	3	52
310400000	0	3
310500000	4	79
310600000	1	7
310700000	6	7
310800000	6	11
310900000	12	3
311000000	7	3
311100000	3	13
311200000	13	4
311300000	4	8
311400000	0	12
311500000	3	7
311600000	3	3
311700000	1	2
311800000	1	0
311900000	1	26
312000000	0	8
312100000	0	6
312200000	1	0
312300000	2	3
312400000	6	10
312500000	2	2
312600000	2	1
312700000	1	3
312800000	0	41
312900000	3	19
313000000	0	24
313100000	1	39
313200000	1	7
313300000	1	9
313400000	2	8
313500000	1	16
313600000	3	15
313700000	1	4
313800000	0	13
313900000	0	0
314000000	0	4
314100000	0	26
314200000	0	3
314300000	0	3
314400000	0	15
314500000	1	7
314600000	0	8
314700000	0	2
314800000	0	1
314900000	0	1
315000000	1	6
315100000	0	1
315200000	1	3
315300000	0	4
315400000	0	3
315500000	0	4
315600000	0	0
315700000	1	13
315800000	3	3
315900000	0	19
316000000	1	2
316100000	0	2
316200000	0	44
316300000	0	7
316400000	0	0
316500000	0	1
316600000	0	0
316700000	0	1
316800000	0	1
316900000	2	3
317000000	2	1
317100000	3	0
317200000	1	27
317300000	13	9
317400000	5	8
317500000	1	1
317600000	0	1
317700000	2	3
317800000	3	0
317900000	1	0
318000000	0	1
318100000	1	0
318200000	5	1
318300000	1	2
318400000	2	4
318500000	0	1
318600000	0	8
318700000	0	3
318800000	0	1
318900000	1	1
319000000	0	2
319100000	0	1
319200000	5	3
319300000	0	7
319400000	0	4
319500000	0	1
319600000	0	1
319700000	0	1
319800000	1	0
319900000	0	1
320000000	0	5
320100000	0	4
320200000	0	0
320300000	0	0
320400000	0	4
320500000	1	0
320600000	0	0
320700000	0	5
320800000	2	4
320900000	2	2
321000000	1	11
321100000	0	23
321200000	0	8
321300000	1	0
321400000	0	0
321500000	5	1
321600000	2	8
321700000	3	1
321800000	7	5
321900000	9	10
322000000	0	1
322100000	3	2
322200000	4	11
322300000	0	4
322400000	0	3
322500000	1	0
322600000	0	2
322700000	3	1
322800000	3	1
322900000	1	3
323000000	2	1
323100000	0	2
323200000	0	0
323300000	0	13
323400000	1	7
323500000	1	8
323600000	1	0
323700000	1	1
323800000	2	23
323900000	0	1
324000000	2	0
324100000	1	8
324200000	0	0
324300000	2	7
324400000	0	3
324500000	0	3
324600000	0	1
324700000	0	1
324800000	0	8
324900000	1	1
325000000	1	1
325100000	3	1
325200000	4	12
325300000	3	20
325400000	0	2
325500000	0	42
325600000	1	2
325700000	0	0
325800000	0	8
325900000	0	9
326000000	0	3
326100000	2	21
326200000	2	0
326300000	0	0
326400000	1	23
326500000	0	17
326600000	0	4
326700000	4	6
326800000	0	4
326900000	1	40
327000000	0	1
327100000	0	0
327200000	4	22
327300000	2	9
327400000	2	1
327500000	1	6
327600000	2	2
327700000	0	0
327800000	3	4
327900000	2	1
328000000	2	1
328100000	3	16
328200000	5	4
328300000	0	3
328400000	0	1
328500000	0	0
328600000	0	6
328700000	0	4
328800000	0	1
328900000	0	124
329000000	0	4
329100000	0	0
329200000	0	0
329300000	1	4
329400000	0	4
329500000	0	1
329600000	0	4
329700000	0	0
329800000	0	0
329900000	0	7
330000000	0	30
330100000	0	6
330200000	0	11
330300000	0	5
330400000	0	1
330500000	16	11
330600000	10	65
330700000	60	15
330800000	33	14
330900000	56	48
331000000	19	17
331100000	16	6
331200000	2	2
331300000	14	8
331400000	12	6
331500000	1	8
331600000	0	1
331700000	1	36
331800000	3	1
331900000	0	14
332000000	0	10
332100000	0	3
332200000	0	1
332300000	0	13
332400000	0	9
332500000	0	5
332600000	0	1
332700000	0	14
332800000	0	26
332900000	0	7
333000000	0	0
333100000	0	0
333200000	2	9
333300000	0	2
333400000	0	2
333500000	0	4
333600000	1	6
333700000	0	0
333800000	0	10
333900000	1	5
334000000	0	8
334100000	0	5
334200000	0	6
334300000	1	7
334400000	2	12
334500000	2	17
334600000	3	0
334700000	4	2
334800000	0	5
334900000	1	2
335000000	1	2
335100000	1	12
335200000	3	2
335300000	2	14
335400000	0	15
335500000	2	4
335600000	2	5
335700000	2	14
335800000	2	2
335900000	4	31
336000000	12	67
336100000	0	0
336200000	0	0
336300000	0	0
336400000	0	0
336500000	0	0
336600000	0	0
336700000	0	0
336800000	0	0
336900000	0	0
337000000	0	0
337100000	0	0
337200000	0	0
337300000	0	0
337400000	0	0
337500000	0	0
337600000	0	0
337700000	0	0
337800000	0	0
337900000	0	0
338000000	0	0
338100000	0	27
338200000	11	125
338300000	8	131
338400000	0	16
338500000	0	30
338600000	1	7
338700000	1	5
338800000	3	18
338900000	2	8
339000000	1	2
339100000	0	40
339200000	1	13
339300000	0	2
339400000	1	7
339500000	1	9
339600000	2	28
339700000	1	2
339800000	2	0
339900000	4	2
340000000	1	5
340100000	0	9
340200000	0	33
340300000	0	10
340400000	2	5
340500000	1	1
340600000	0	10
340700000	0	4
340800000	0	4
340900000	0	8
341000000	0	7
341100000	0	8
341200000	1	6
341300000	1	11
341400000	1	2
341500000	2	5
341600000	2	31
341700000	0	18
341800000	1	1
341900000	1	42
342000000	0	22
342100000	3	2
342200000	3	2
342300000	4	7
342400000	0	2
342500000	2	4
342600000	3	34
342700000	1	1
342800000	0	2
342900000	1	4
343000000	0	8
343100000	0	0
343200000	1	2
343300000	1	2
343400000	5	8
343500000	5	6
343600000	22	16
343700000	20	10
343800000	6	3
343900000	2	2
344000000	0	12
344100000	4	4
344200000	2	17
344300000	2	1
344400000	4	18
344500000	0	0
344600000	1	16
344700000	0	2
344800000	0	8
344900000	0	2
345000000	0	10
345100000	0	0
345200000	0	0
345300000	0	2
345400000	0	14
345500000	0	0
345600000	0	0
345700000	1	1
345800000	0	0
345900000	0	1
346000000	0	8
346100000	0	5
346200000	1	3
346300000	3	7
346400000	15	10
346500000	16	3
346600000	1	0
346700000	3	3
346800000	0	0
346900000	0	21
347000000	3	15
347100000	0	15
347200000	1	4
347300000	0	3
347400000	0	2
347500000	1	0
347600000	0	27
347700000	0	13
347800000	1	1
347900000	0	56
348000000	1	0
348100000	2	9
348200000	1	9
348300000	4	16
348400000	3	5
348500000	6	4
348600000	0	0
348700000	0	4
348800000	0	1
348900000	3	1
349000000	26	22
349100000	7	4
349200000	2	2
349300000	1	3
349400000	0	5
349500000	7	7
349600000	2	0
349700000	5	22
349800000	17	70
349900000	19	24
350000000	2	4
350100000	6	4
350200000	22	18
350300000	9	12
350400000	9	2
350500000	9	14
350600000	19	17
350700000	0	5
350800000	5	1
350900000	0	1
351000000	1	0
351100000	0	8
351200000	1	1
351300000	0	1
351400000	0	9
351500000	0	10
351600000	0	17
351700000	2	71
351800000	0	27
351900000	0	18
352000000	2	11
352100000	4	114
352200000	14	8
352300000	22	14
352400000	10	8
352500000	4	1
352600000	0	3
352700000	1	4
352800000	3	9
352900000	0	8
353000000	0	7
353100000	2	9
353200000	23	28
353300000	33	220
353400000	36	64
353500000	2	6
353600000	19	5
353700000	31	39
353800000	44	161
353900000	12	43
354000000	22	11
354100000	12	33
354200000	18	34
354300000	1	1
354400000	22	14
354500000	17	121
354600000	4	14
354700000	21	8
354800000	29	30
354900000	16	9
355000000	4	8
355100000	0	0
355200000	0	5
355300000	1	1
355400000	0	4
355500000	0	10
355600000	0	1
355700000	0	0
355800000	0	3
355900000	1	1
356000000	0	0
356100000	0	2
356200000	0	1
356300000	1	11
356400000	0	5
356500000	0	12
356600000	0	2
356700000	1	67
356800000	0	0
356900000	0	0
357000000	1	1
357100000	0	12
357200000	0	3
357300000	2	3
357400000	2	3
357500000	1	1
357600000	1	4
357700000	2	2
357800000	1	4
357900000	5	0
358000000	2	59
358100000	1	8
358200000	1	2
358300000	0	13
358400000	1	2
358500000	0	6
358600000	0	1
358700000	24	10
358800000	7	6
358900000	2	22
359000000	4	2
359100000	19	15
359200000	13	36
359300000	8	6
359400000	20	7
359500000	27	22
359600000	3	6
359700000	2	5
359800000	3	1
359900000	0	5
360000000	5	9
360100000	1	3
360200000	0	16
360300000	2	23
360400000	2	19
360500000	2	5
360600000	2	2
360700000	4	20
360800000	7	8
360900000	14	15
361000000	3	9
361100000	1	11
361200000	5	98
361300000	12	26
361400000	1	0
361500000	3	6
361600000	17	29
361700000	13	49
361800000	23	12
361900000	17	8
362000000	28	48
362100000	19	9
362200000	28	12
362300000	1	4
362400000	1	3
362500000	1	7
362600000	3	17
362700000	4	2
362800000	2	5
362900000	0	7
363000000	0	10
363100000	1	4
363200000	1	16
363300000	6	39
363400000	0	3
363500000	4	46
363600000	2	13
363700000	0	22
363800000	1	25
363900000	1	17
364000000	0	4
364100000	2	5
364200000	2	10
364300000	2	2
364400000	5	10
364500000	2	11
364600000	5	18
364700000	0	7
364800000	1	5
364900000	0	15
365000000	0	4
365100000	2	18
365200000	0	12
365300000	0	1
365400000	0	5
365500000	0	0
365600000	0	3
365700000	0	10
365800000	0	1
365900000	0	4
366000000	0	1
366100000	1	4
366200000	2	1
366300000	1	31
366400000	0	7
366500000	0	11
366600000	0	0
366700000	0	10
366800000	1	9
366900000	2	34
367000000	6	108
367100000	0	5
367200000	4	92
367300000	1	25
367400000	1	36
367500000	0	15
367600000	0	2
367700000	0	4
367800000	0	5
367900000	0	0
368000000	0	0
368100000	2	7
368200000	2	5
368300000	2	3
368400000	0	1
368500000	0	13
368600000	2	23
368700000	1	7
368800000	0	1
368900000	1	26
369000000	0	1
369100000	0	11
369200000	0	0
369300000	0	13
369400000	0	0
369500000	0	0
369600000	0	14
369700000	0	1
369800000	0	1
369900000	1	17
370000000	2	5
370100000	1	7
370200000	0	2
370300000	1	7
370400000	3	22
370500000	0	0
370600000	2	14
370700000	3	10
370800000	0	1
370900000	1	20
371000000	1	0
371100000	1	77
371200000	0	0
371300000	0	6
371400000	0	8
371500000	0	5
371600000	0	5
371700000	0	46
371800000	1	19
371900000	0	1
372000000	1	10
372100000	0	7
372200000	0	7
372300000	0	12
372400000	0	17
372500000	0	14
372600000	0	9
372700000	1	4
372800000	0	0
372900000	0	5
373000000	0	0
373100000	0	6
373200000	0	5
373300000	0	1
373400000	0	25
373500000	0	0
373600000	0	7
373700000	0	12
373800000	1	23
373900000	0	3
374000000	0	25
374100000	1	1
374200000	2	2
374300000	0	1
374400000	0	8
374500000	0	1
374600000	2	0
374700000	0	0
374800000	0	4
374900000	0	1
375000000	0	0
375100000	0	1
375200000	0	5
375300000	1	41
375400000	1	5
375500000	0	24
375600000	0	7
375700000	0	7
375800000	0	10
375900000	1	6
376000000	0	4
376100000	0	0
376200000	1	0
376300000	0	9
376400000	1	2
376500000	0	7
376600000	0	1
376700000	2	4
376800000	0	0
376900000	0	1
377000000	1	8
377100000	0	8
377200000	2	8
377300000	1	8
377400000	0	0
377500000	0	5
377600000	0	1
377700000	0	5
377800000	0	8
377900000	0	3
378000000	0	2
378100000	0	7
378200000	0	1
378300000	2	9
378400000	0	6
378500000	0	0
378600000	4	5
378700000	17	16
378800000	23	8
378900000	1	0
379000000	0	10
379100000	2	2
379200000	1	7
379300000	0	2
379400000	0	0
379500000	1	0
379600000	0	5
379700000	0	0
379800000	0	14
379900000	1	18
380000000	0	0
380100000	1	2
380200000	0	1
380300000	0	1
380400000	0	2
380500000	15	4
380600000	0	3
380700000	2	7
380800000	4	3
380900000	1	41
381000000	0	0
381100000	0	0
381200000	1	1
381300000	5	8
381400000	2	3
381500000	1	2
381600000	0	1
381700000	0	4
381800000	1	3
381900000	6	2
382000000	0	9
382100000	7	4
382200000	63	29
382300000	59	20
382400000	10	6
382500000	1	6
382600000	0	1
382700000	1	1
